0.00238787
0.00287566
0.00238673
0.00287594
0.0023856
0.00287625
0.00238442
0.00287652
0.00238326
0.00287679
0.00238208
0.00287705
0.00238088
0.0028773
0.00237964
0.00287754
0.00237841
0.00287776
0.00237716
0.00287798
0.0023759
0.0028782
0.00237462
0.00287842
0.00237333
0.00287865
0.00237203
0.00287887
0.00237072
0.00287906
0.00236944
0.00287926
0.00236815
0.00287945
0.00236688
0.00287964
0.00236565
0.00287984
0.00236436
0.00288002
0.00236313
0.00288018
0.00236191
0.00288036
0.00236067
0.00288053
0.00235939
0.00288064
0.00235814
0.00288077
0.00235686
0.00288087
0.00235559
0.00288096
0.00235431
0.00288104
0.002353
0.00288111
0.00235169
0.00288116
0.0023504
0.00288119
0.00234908
0.00288121
0.00234776
0.00288122
0.00234645
0.00288123
0.00234513
0.00288122
0.00234383
0.0028812
0.00234248
0.00288119
0.00234109
0.00288117
0.00233973
0.00288114
0.00233834
0.00288111
0.0023369
0.00288107
0.00233549
0.00288104
0.00233404
0.00288101
0.00233263
0.00288098
0.00233119
0.00288095
0.00232974
0.00288093
0.00232832
0.00288091
0.00232686
0.00288089
0.00232537
0.00288087
0.00232388
0.00288085
0.00232244
0.00288078
0.002321
0.00288075
0.00231949
0.00288073
0.002318
0.0028807
0.00231646
0.00288067
0.00231491
0.00288063
0.00231333
0.00288059
0.00231174
0.00288054
0.00231013
0.0028805
0.00230851
0.00288044
0.00230688
0.00288038
0.00230523
0.00288033
0.00230354
0.00288027
0.00230185
0.0028802
0.00230018
0.00288013
0.00229848
0.00288006
0.0022968
0.00287995
0.00229511
0.0028799
0.00229339
0.00287984
0.0022917
0.00287977
0.00228999
0.00287969
0.00228831
0.00287963
0.00228653
0.00287955
0.00228482
0.00287947
0.00228309
0.00287938
0.00228136
0.00287928
0.00227965
0.00287919
0.00227789
0.00287909
0.00227612
0.00287898
0.00227432
0.00287886
0.00227251
0.00287876
0.00227066
0.00287866
0.00226886
0.00287857
0.00226705
0.00287849
0.00226522
0.00287841
0.00226342
0.00287833
0.00226157
0.00287825
0.00225971
0.00287816
0.00225783
0.00287808
0.00225594
0.00287801
0.00225403
0.00287794
0.00225212
0.00287787
0.00225022
0.0028778
0.00224828
0.00287777
0.00224631
0.00287771
0.00224438
0.00287763
0.00224246
0.00287756
0.0022405
0.00287749
0.00223856
0.00287743
0.00223654
0.00287737
0.00223457
0.0028773
0.00223259
0.00287723
0.00223058
0.00287715
0.00222855
0.00287707
0.0022265
0.002877
0.00222446
0.00287691
0.00222245
0.00287682
0.00222036
0.00287676
0.00221826
0.00287666
0.00221621
0.00287656
0.00221417
0.00287646
0.0022121
0.00287638
0.00221002
0.00287628
0.00220791
0.0028762
0.00220577
0.00287612
0.00220357
0.00287606
0.00220142
0.002876
0.00219926
0.00287595
0.00219709
0.00287592
0.00219489
0.0028759
0.00219264
0.00287589
0.00219034
0.00287587
0.00218815
0.00287585
0.00218588
0.00287581
0.00218364
0.00287578
0.00218137
0.00287572
0.00217918
0.00287567
0.0021769
0.00287559
0.00217469
0.00287549
0.00217248
0.00287538
0.00217031
0.00287524
0.00216818
0.00287509
0.00216609
0.00287494
0.00216396
0.0028748
0.00216172
0.00287466
0.00215967
0.00287455
0.00215752
0.00287443
0.00215546
0.00287434
0.00215321
0.00287424
0.00215109
0.00287417
0.00214895
0.00287412
0.00214683
0.00287406
0.00214473
0.00287398
0.00214263
0.00287391
0.00214065
0.00287383
0.00213869
0.00287377
0.00213678
0.00287368
0.0021349
0.00287357
0.00213309
0.00287343
0.00213133
0.00287326
0.00212962
0.00287308
0.002128
0.00287285
0.00212656
0.00287256
0.0021254
0.00287215
0.00212449
0.00287162
0.00212424
0.00287089
0.00212464
0.00286998
0.00212583
0.00286884
0.00212792
0.00286745
0.00213101
0.00286578
0.00213519
0.00286381
0.00214064
0.00286183
0.00214563
0.00285989
0.00215047
0.00285803
0.0021555
0.00285628
0.00216021
0.00285466
0.00216488
0.00285221
0.00217707
0.00285036
0.00218332
0.00284849
0.00218944
0.00284669
0.00219536
0.00284503
0.0022012
0.00284351
0.00220706
0.0028421
0.002213
0.00284078
0.00221896
0.00283959
0.00222493
0.0028385
0.00223087
0.00283752
0.00223675
0.00283656
0.0022426
0.00283563
0.00224839
0.00283471
0.00225409
0.00283384
0.00225968
0.00283298
0.00226526
0.00283209
0.00227071
0.00283122
0.00227601
0.00283032
0.00228147
0.00282943
0.00228673
0.00282857
0.00229179
0.00282771
0.00229691
0.00282687
0.00230184
0.00282603
0.00230701
0.00282523
0.00231198
0.00282448
0.00231676
0.00282374
0.00232183
0.00282305
0.0023267
0.00282244
0.00233139
0.00282182
0.0023364
0.00282128
0.00234119
0.00282081
0.00234578
0.00282034
0.00235071
0.00282003
0.00235466
0.00281983
0.00235838
0.00281956
0.00236298
0.00281938
0.00236576
0.00281895
0.00237028
0.0028185
0.00237473
0.00281813
0.00237899
0.00281778
0.0023833
0.00281744
0.00238761
0.00281711
0.00239205
0.00281687
0.00239647
0.0028167
0.00240089
0.00281661
0.00240539
0.00281659
0.00240987
0.00281662
0.00241437
0.00281668
0.00241893
0.00281679
0.00242344
0.00281694
0.00242797
0.00281713
0.00243247
0.00281732
0.002437
0.00281753
0.00244148
0.00281774
0.00244595
0.00281796
0.0024504
0.00281819
0.00245484
0.00281844
0.00245916
0.00281867
0.00246364
0.00281891
0.00246802
0.00281916
0.00247234
0.00281944
0.00247654
0.00281972
0.00248065
0.00282003
0.00248466
0.00282036
0.00248852
0.00282074
0.00249229
0.00282115
0.00249603
0.00282158
0.0024997
0.002822
0.00250339
0.00282248
0.00250703
0.00282298
0.00251061
0.00282344
0.00251456
0.00282394
0.00251809
0.00282448
0.00252171
0.00282502
0.00252545
0.00282562
0.00252892
0.00282624
0.00253253
0.00282687
0.00253601
0.00282752
0.00253955
0.0028288
0.00253826
0.00282958
0.00254089
0.00283025
0.00254334
0.00283646
0.00255117
0.00284748
0.00256359
0.00286244
0.00257987
0.0028806
0.00259937
0.0029013
0.00262144
0.00292396
0.00264543
0.00294794
0.00267071
0.00297272
0.00269678
0.00299784
0.00272324
0.00302297
0.00274975
0.00304782
0.00277602
0.00307216
0.0028018
0.00309577
0.0028269
0.00311854
0.0028512
0.00314035
0.00287457
0.00316108
0.00289691
0.00318071
0.00291818
0.00319915
0.00293827
0.00321637
0.0029572
0.0032323
0.00297488
0.00324691
0.00299117
0.00326005
0.00300613
0.00327168
0.00301968
0.00328174
0.00303164
0.00329009
0.00304195
0.00329671
0.00305064
0.00330151
0.00305758
0.00330445
0.00306282
0.00330557
0.00306622
0.00330488
0.00306781
0.00330237
0.00306767
0.00329812
0.00306586
0.00329226
0.00306244
0.00328485
0.0030575
0.00327608
0.00305111
0.00326605
0.0030435
0.00325491
0.00303477
0.00324278
0.003025
0.00322974
0.00301432
0.0032159
0.00300279
0.00320128
0.00299046
0.00318591
0.00297736
0.00316981
0.00296355
0.00315298
0.00294903
0.00313538
0.00293375
0.00311699
0.00291767
0.00309773
0.00290072
0.00307753
0.00288283
0.00305628
0.00286392
0.00303392
0.00284391
0.00300415
0.0028165
0.00296811
0.00278282
0.00292703
0.00274406
0.00288176
0.00270112
0.002833
0.00265466
0.00278136
0.0026053
0.00272738
0.00255357
0.00267143
0.00249983
0.00261377
0.00244437
0.00255455
0.00238737
0.00249393
0.00232897
0.00243201
0.00226934
0.00236888
0.00220853
0.00230461
0.00214657
0.0022392
0.00208345
0.00217268
0.00201924
0.00210506
0.00195396
0.00203644
0.00188768
0.00196692
0.00182045
0.00189665
0.00175244
0.00182591
0.00168386
0.00175493
0.00161501
0.00168401
0.00154615
0.00161347
0.00147762
0.0015436
0.0014097
0.00147474
0.00134258
0.00140702
0.00127668
0.00134061
0.00121192
0.00127557
0.0011486
0.00121195
0.00108666
0.00114978
0.00102613
0.00108903
0.000966983
0.00102971
0.000909132
0.000973488
0.000854305
0.000920338
0.000802511
0.000870223
0.000753717
0.000823106
0.000707892
0.000778937
0.000664977
0.000737652
0.000624904
0.000699157
0.000587616
0.000663408
0.000553034
0.000630295
0.000521077
0.000599722
0.00049167
0.000571639
0.00046473
0.000545943
0.000440207
0.000522482
0.00041795
0.000501027
0.000397938
0.00048146
0.000380147
0.000463739
0.000364502
0.000447714
0.000350913
0.000433419
0.000339308
0.000420789
0.000329653
0.000409773
0.000321721
0.000400341
0.000315336
0.000392478
0.000310328
0.000386304
0.00030625
0.000381747
0.000303284
0.000378637
0.000301287
0.000376766
0.000300203
0.000375971
0.00029988
0.00037611
0.000300333
0.000377067
0.000301431
0.00037866
0.000303194
0.000380746
0.000305473
0.0003832
0.000308174
0.000385919
0.000311165
0.000388811
0.000314305
0.000391768
0.000317474
0.000394686
0.000320564
0.000397447
0.000323463
0.00039996
0.00032605
0.000402124
0.000328207
0.000403829
0.000329829
0.000404969
0.000330836
0.00040544
0.000331134
0.000405163
0.000330637
0.000404021
0.000328907
0.000401978
0.00032612
0.000398976
0.000322245
0.000394977
0.000317488
0.000389889
0.000311257
0.000383685
0.000303784
0.000376327
0.000294981
0.000367778
0.000285089
0.000357993
0.000273603
0.000346973
0.000260735
0.000334722
0.000246476
0.000321261
0.000230825
0.000306602
0.000213814
0.000290761
0.00019548
0.000273772
0.000175856
0.000255685
0.000154971
0.00023655
0.000132874
0.000216415
0.000109641
0.000195341
8.53486e-05
0.000173402
6.01282e-05
0.000150683
3.40352e-05
0.000127262
6.71109e-06
0.000103226
-2.15048e-05
7.86839e-05
-5.05811e-05
5.37429e-05
-8.03682e-05
2.85014e-05
-0.00011069
3.04864e-06
-0.000141411
-2.26284e-05
-0.000172453
-4.8378e-05
-0.000203732
-7.44414e-05
-0.000235139
-0.000100525
-0.000266553
-0.000126558
-0.000297854
-0.000152423
-0.000328949
-0.000177963
-0.000359749
-0.000203091
-0.000390174
-0.000227768
-0.000420145
-0.000251927
-0.000449607
-0.000275481
-0.000478519
-0.000298345
-0.000506825
-0.000320451
-0.000534449
-0.000341772
-0.000561301
-0.000362248
-0.000587325
-0.00038183
-0.000612496
-0.000400464
-0.000636777
-0.000418136
-0.00066013
-0.000434825
-0.000682529
-0.000450507
-0.000703943
-0.000465156
-0.000724367
-0.000478759
-0.000743812
-0.000491336
-0.000762273
-0.000502894
-0.000779754
-0.000513461
-0.000796267
-0.000523048
-0.000811846
-0.000531684
-0.000826511
-0.000539399
-0.000840287
-0.000546235
-0.000853217
-0.000552243
-0.000865343
-0.000557471
-0.000876733
-0.000561978
-0.000887458
-0.000565824
-0.000897564
-0.000569072
-0.000907108
-0.000571793
-0.00091616
-0.000574049
-0.000924798
-0.000575912
-0.000933102
-0.00057747
-0.000941146
-0.000578705
-0.000949013
-0.000579858
-0.000956781
-0.000580967
-0.000964533
-0.000582092
-0.000972343
-0.000583311
-0.000980279
-0.000584694
-0.000988411
-0.000586301
-0.000996823
-0.00058822
-0.00100559
-0.000590526
-0.00101478
-0.000593288
-0.00102446
-0.000596559
-0.00103469
-0.000600379
-0.00104553
-0.0006048
-0.00105702
-0.000609863
-0.00106921
-0.000615617
-0.00108214
-0.000622101
-0.00109586
-0.000629349
-0.00111039
-0.000637377
-0.00112577
-0.000646209
-0.001142
-0.000655849
-0.0011591
-0.000666306
-0.00117705
-0.000677568
-0.00119587
-0.000689637
-0.00121556
-0.000702512
-0.0012361
-0.000716179
-0.00125748
-0.000730605
-0.00127899
-0.000745749
-0.00130063
-0.000761196
-0.00132241
-0.000776675
-0.00134427
-0.000792126
-0.00136614
-0.00080751
-0.00138796
-0.000822779
-0.00140969
-0.000837854
-0.00143126
-0.000852708
-0.00145264
-0.000867279
-0.00147379
-0.000881511
-0.00149462
-0.000895345
-0.00151507
-0.000908745
-0.00153512
-0.000921587
-0.00155464
-0.00093382
-0.00157359
-0.000945393
-0.0015919
-0.000956278
-0.00160953
-0.000966388
-0.00162641
-0.000975626
-0.00164245
-0.000983974
-0.0016576
-0.000991353
-0.00167181
-0.000997719
-0.00168502
-0.00100302
-0.00169719
-0.00100722
-0.00170826
-0.00101028
-0.00171821
-0.00101213
-0.00172696
-0.00101274
-0.00173449
-0.00101209
-0.00174077
-0.00101014
-0.00174576
-0.00100688
-0.00174946
-0.00100228
-0.00175182
-0.00099632
-0.00175283
-0.00098899
-0.00175248
-0.000980284
-0.00175076
-0.000970196
-0.00174768
-0.000958734
-0.00174323
-0.000945924
-0.00173743
-0.000931763
-0.0017303
-0.000916268
-0.00172184
-0.000899461
-0.00171208
-0.000881372
-0.00170104
-0.000862033
-0.00168875
-0.000841488
-0.00167526
-0.000819747
-0.00166059
-0.000796852
-0.00164477
-0.000772865
-0.00162786
-0.000747819
-0.00160991
-0.000721761
-0.00159103
-0.000694788
-0.0015712
-0.000666878
-0.00155045
-0.000638101
-0.00152882
-0.000608512
-0.00150637
-0.000578173
-0.00148319
-0.00054714
-0.00145932
-0.000515482
-0.00143482
-0.000483237
-0.00140973
-0.000450438
-0.00138409
-0.000417127
-0.00135794
-0.00038336
-0.00133134
-0.000349212
-0.00130437
-0.000314679
-0.00127701
-0.00027981
-0.00124932
-0.000244627
-0.00122132
-0.000209166
-0.00119304
-0.000173471
-0.00116453
-0.000137591
-0.00113582
-0.000101483
-0.00110699
-6.52256e-05
-0.00107795
-2.87638e-05
-0.0010487
7.84316e-06
-0.00101928
4.46018e-05
-0.00098968
8.15534e-05
-0.000959888
0.000118715
-0.000929885
0.000156068
-0.000899684
0.000193571
-0.000869317
0.000231256
-0.00083875
0.000269193
-0.000807925
0.000307429
-0.000776791
0.000345992
-0.000745315
0.000384901
-0.000713478
0.000424212
-0.000681225
0.000463975
-0.000648525
0.000504217
-0.000615349
0.000544985
-0.00058165
0.000586335
-0.000547369
0.000628319
-0.000512449
0.000671002
-0.000476825
0.000714432
-0.000440452
0.000758665
-0.000403272
0.000803741
-0.000365239
0.000849718
-0.000326297
0.000896626
-0.000286415
0.00094457
-0.000245485
0.000993598
-0.000203464
0.00104376
-0.000160306
0.00109509
-0.00011597
0.00114764
-7.04081e-05
0.00120143
-2.35834e-05
0.00125655
2.45797e-05
0.00131303
7.41166e-05
0.0013709
0.000125051
0.00143022
0.000177441
0.001491
0.000231301
0.00155317
0.000286575
0.00161684
0.00034337
0.00168204
0.000401701
0.00174874
0.000461558
0.00181695
0.000522966
0.0018867
0.000585919
0.00195798
0.000650416
0.00203078
0.000716457
0.00210509
0.00078402
0.00218091
0.000853111
0.00225821
0.00092371
0.00233699
0.000995792
0.00241719
0.00106934
0.00249885
0.00114435
0.00258193
0.0012208
0.00266635
0.00129862
0.0027521
0.0013778
0.00283915
0.00145832
0.00292746
0.00154013
0.00301701
0.00162319
0.00310772
0.00170743
0.00319953
0.00179281
0.00329247
0.00187935
0.00338645
0.00196695
0.00348147
0.00205559
0.00357744
0.0021452
0.00367434
0.00223576
0.00377213
0.00232721
0.00387074
0.00241952
0.00397021
0.0025127
0.00407043
0.00260662
0.00417142
0.00270133
0.00427309
0.00279674
0.00437548
0.00289287
0.00447852
0.00298967
0.0045822
0.0030871
0.00468653
0.00318519
0.00479141
0.00328386
0.00489691
0.00338315
0.00500294
0.00348298
0.00510954
0.00358338
0.00521676
0.0036844
0.00532455
0.00378601
0.00543296
0.00388825
0.00554195
0.00399106
0.0056515
0.00409443
0.00576164
0.00419843
0.00587246
0.00430314
0.005984
0.00440858
0.00609627
0.00451473
0.00620923
0.00462158
0.00632294
0.0047292
0.00643754
0.00483771
0.00655301
0.00494708
0.00666938
0.00505731
0.00678668
0.00516844
0.0069049
0.00528045
0.00702412
0.00539349
0.00714448
0.00550769
0.00726572
0.00562313
0.00738663
0.00574021
0.00750904
0.00586053
0.00763316
0.00598401
0.00775877
0.00610984
0.00788549
0.00623721
0.00801176
0.00636606
0.00813912
0.00649798
0.00826608
0.0066329
0.00839337
0.00677063
0.00852139
0.00691076
0.00864991
0.00705264
0.00877849
0.00719515
0.00890774
0.00733864
0.00903748
0.00748221
0.00916734
0.00762531
0.00929672
0.0077679
0.00942517
0.00790947
0.0095522
0.00804962
0.00967745
0.00818778
0.00980064
0.00832364
0.00992154
0.00845704
0.01004
0.00858792
0.0101559
0.00871622
0.0102694
0.00884207
0.0103808
0.00896563
0.0104903
0.00908714
0.0105982
0.00920702
0.0107049
0.00932555
0.0108109
0.00944316
0.0109163
0.00956006
0.0110213
0.00967652
0.0111265
0.00979283
0.0112317
0.00990912
0.0113372
0.0100255
0.011443
0.010142
0.011549
0.0102586
0.0116553
0.0103753
0.0117617
0.0104921
0.0118682
0.0106087
0.0119747
0.0107252
0.0120809
0.0108413
0.0121868
0.0109569
0.0122922
0.0110719
0.0123971
0.0111863
0.0125014
0.0112999
0.0126049
0.0114127
0.0127077
0.0115246
0.0128096
0.0116357
0.0129106
0.0117457
0.0130108
0.0118549
0.01311
0.0119635
0.0132081
0.0120719
0.0133054
0.0121786
0.0134018
0.0122846
0.0134974
0.0123895
0.013592
0.0124947
0.013686
0.0125979
0.013779
0.0127003
0.0138713
0.0128017
0.0139627
0.0129022
0.0140533
0.0130017
0.014143
0.0131003
0.0142319
0.0131979
0.0143197
0.0132946
0.0144066
0.0133901
0.0144926
0.0134846
0.0145775
0.0135781
0.0146614
0.0136706
0.0147444
0.0137617
0.0148263
0.0138515
0.0149072
0.0139402
0.0149871
0.0140281
0.015066
0.0141144
0.0151439
0.0142003
0.0152208
0.0142851
0.0152968
0.0143683
0.015372
0.0144506
0.0154336
0.0145523
0.0154802
0.0146292
0.0155351
0.0146926
0.0155972
0.0147472
0.0156595
0.0148086
0.0157123
0.0148805
0.0157631
0.0149552
0.0158197
0.015026
0.0158813
0.0150929
0.0159434
0.0151604
0.0160033
0.0152306
0.0160615
0.0153022
0.0161201
0.015373
0.0161797
0.0154416
0.0162393
0.0155089
0.0162974
0.0155756
0.0163535
0.0156415
0.0164079
0.0157059
0.016461
0.0157681
0.0165125
0.015828
0.016562
0.0158858
0.0166094
0.0159417
0.0166548
0.0159957
0.0166984
0.0160477
0.0167407
0.0160979
0.0167816
0.0161465
0.0168214
0.0161938
0.0168601
0.01624
0.016898
0.0162852
0.0169353
0.0163295
0.016972
0.0163731
0.0170084
0.016416
0.0170443
0.0164584
0.0170799
0.0165002
0.017115
0.0165415
0.0171498
0.0165822
0.0171842
0.0166223
0.017218
0.0166618
0.0172513
0.0167006
0.0172838
0.0167385
0.0173156
0.0167756
0.0173464
0.0168118
0.0173764
0.0168469
0.0174053
0.0168809
0.0174331
0.0169138
0.0174597
0.0169456
0.0174852
0.016976
0.0175096
0.0170053
0.0175327
0.0170334
0.0175547
0.0170602
0.0175756
0.0170858
0.0175953
0.0171103
0.0176139
0.0171336
0.0176314
0.0171557
0.0176479
0.0171766
0.0176633
0.0171963
0.0176776
0.017215
0.0176909
0.0172324
0.0177031
0.0172488
0.0177141
0.0172639
0.0177241
0.0172777
0.0177328
0.0172903
0.0177404
0.0173017
0.0177468
0.0173118
0.017752
0.0173206
0.0177559
0.0173282
0.0177586
0.0173345
0.01776
0.0173394
0.0177603
0.0173431
0.0177593
0.0173455
0.0177571
0.0173467
0.0177538
0.0173466
0.0177492
0.0173453
0.0177436
0.0173429
0.0177369
0.0173394
0.0177291
0.0173348
0.0177203
0.017329
0.0177104
0.0173222
0.0176996
0.0173144
0.0176877
0.0173055
0.0176748
0.0172957
0.017661
0.0172848
0.0176462
0.017273
0.0176304
0.0172603
0.0176137
0.0172466
0.0175959
0.0172319
0.0175772
0.0172164
0.0175577
0.0172
0.0175374
0.017183
0.0175164
0.0171653
0.0174949
0.0171471
0.0174727
0.0171283
0.01745
0.017109
0.0174268
0.0170892
0.0174029
0.0170688
0.0173784
0.0170479
0.0173535
0.0170266
0.0173282
0.0170049
0.0173024
0.0169828
0.0172763
0.0169605
0.0172498
0.0169378
0.0172231
0.0169149
0.017196
0.0168917
0.0171687
0.0168683
0.0171411
0.0168447
0.0171133
0.0168209
0.0170853
0.016797
0.0170573
0.016773
0.0170292
0.016749
0.017001
0.016725
0.0169729
0.016701
0.0169447
0.0166771
0.0169166
0.0166532
0.0168885
0.0166294
0.0168605
0.0166057
0.0168326
0.0165822
0.0168048
0.0165588
0.0167771
0.0165356
0.0167495
0.0165126
0.0167221
0.0164897
0.0166947
0.016467
0.0166674
0.0164443
0.0166401
0.0164217
0.0166129
0.0163992
0.0165856
0.0163766
0.0165582
0.0163541
0.0165308
0.0163316
0.0165032
0.0163089
0.0164754
0.0162861
0.0164474
0.016263
0.016419
0.0162397
0.0163904
0.0162161
0.0163612
0.016192
0.0163316
0.0161675
0.0163015
0.0161425
0.0162708
0.0161169
0.0162395
0.0160908
0.0162075
0.0160639
0.0161747
0.0160363
0.0161411
0.0160079
0.0161067
0.0159788
0.0160713
0.0159487
0.016035
0.0159178
0.0159976
0.015886
0.0159592
0.0158533
0.0159197
0.0158196
0.0158791
0.015785
0.0158373
0.0157495
0.0157944
0.0157131
0.0157503
0.0156758
0.015705
0.0156376
0.0156586
0.0155985
0.015611
0.0155585
0.0155622
0.0155175
0.0155123
0.0154757
0.0154614
0.0154329
0.0154093
0.0153894
0.0153561
0.015345
0.0153019
0.0152996
0.0152467
0.0152534
0.0151906
0.0152063
0.0151335
0.0151583
0.0150755
0.0151094
0.0150167
0.0150597
0.014957
0.0150092
0.0148966
0.014958
0.0148355
0.0149059
0.0147737
0.0148531
0.0147113
0.0147995
0.0146482
0.0147452
0.0145845
0.0146901
0.0145202
0.0146341
0.0144555
0.0145776
0.0143903
0.0145207
0.0143247
0.0144633
0.0142587
0.0144054
0.0141921
0.0143476
0.0141251
0.0142886
0.0140576
0.0142292
0.0139896
0.0141694
0.0139212
0.0141092
0.0138524
0.0140486
0.0137831
0.0139876
0.0137133
0.0139262
0.0136431
0.0138644
0.0135724
0.0138024
0.0135012
0.01374
0.0134295
0.0136772
0.0133573
0.0136141
0.0132845
0.0135506
0.0132111
0.0134867
0.013137
0.0134225
0.0130624
0.0133579
0.0129871
0.013293
0.0129112
0.0132277
0.0128346
0.013162
0.0127572
0.0130961
0.012679
0.0130297
0.0126001
0.0129631
0.0125204
0.0128961
0.0124399
0.0128288
0.0123585
0.0127613
0.0122763
0.0126935
0.0121933
0.0126254
0.0121095
0.0125571
0.0120247
0.0124885
0.0119391
0.0124197
0.0118526
0.0123506
0.0117653
0.0122814
0.0116771
0.0122119
0.011588
0.0121422
0.011498
0.0120724
0.0114072
0.0120024
0.0113155
0.0119322
0.011223
0.011862
0.0111296
0.0117916
0.0110353
0.0117211
0.0109403
0.0116504
0.0108444
0.0115797
0.0107477
0.0115088
0.0106501
0.0114379
0.0105517
0.0113669
0.0104526
0.0112958
0.0103527
0.0112246
0.010252
0.0111533
0.0101505
0.011082
0.0100483
0.0110107
0.00994542
0.0109394
0.00984172
0.0108679
0.00973735
0.0107966
0.00963246
0.0107252
0.00952675
0.0106537
0.00942043
0.0105821
0.0093135
0.0105102
0.00920627
0.010438
0.00909903
0.0103653
0.00899117
0.0102921
0.00888299
0.0102182
0.00877473
0.0101437
0.00866581
0.0100684
0.00855644
0.00999233
0.00844742
0.00991554
0.00833837
0.00983748
0.00823161
0.00975781
0.00812255
0.00967721
0.00801508
0.00959565
0.00790831
0.00951301
0.00780221
0.00942929
0.00769664
0.00934464
0.0075916
0.00925907
0.00748711
0.00917251
0.00738308
0.00908497
0.00727952
0.0089965
0.00717636
0.00890722
0.00707353
0.00881721
0.00697108
0.00872649
0.006869
0.008635
0.00676728
0.00854272
0.00666591
0.00844963
0.0065649
0.00835568
0.00646425
0.00826083
0.00636391
0.00816505
0.00626399
0.00806831
0.00616445
0.00797059
0.00606531
0.0078719
0.00596664
0.00777224
0.00586843
0.00767163
0.0057708
0.00757004
0.00567366
0.0074675
0.00557714
0.00736398
0.00548114
0.0072595
0.00538583
0.00715404
0.00529124
0.00704758
0.00519729
0.00694012
0.00510405
0.0068316
0.005011
0.0067261
0.00491836
0.00661727
0.00482608
0.00650881
0.00473425
0.00640097
0.00464277
0.0062939
0.0045517
0.00618761
0.00446108
0.006082
0.00437094
0.00597703
0.00428131
0.00587263
0.00419204
0.00576882
0.00410304
0.00566558
0.00401436
0.0055627
0.00392585
0.00546025
0.0038375
0.00535817
0.00374928
0.00525636
0.00366117
0.00515496
0.00357316
0.00505376
0.00348528
0.0049529
0.00339754
0.00485238
0.00330997
0.00475213
0.00322264
0.00465222
0.0031356
0.0045528
0.00304889
0.0044539
0.00296262
0.00435554
0.00287682
0.00425779
0.00279157
0.00416068
0.00270691
0.00406425
0.00262285
0.0039686
0.00253943
0.00387371
0.00245666
0.00377956
0.00237455
0.00368618
0.00229306
0.00359356
0.00221225
0.00350172
0.0021321
0.0034106
0.00205255
0.00332019
0.0019736
0.00323047
0.00189524
0.00314143
0.00181745
0.00305303
0.00174021
0.00296527
0.00166352
0.00287813
0.00158736
0.00279161
0.00151174
0.00270574
0.00143665
0.00262046
0.00136209
0.00253581
0.00128807
0.00245178
0.00121459
0.00236839
0.00114169
0.00228568
0.00106934
0.00220361
0.00099757
0.0021222
0.000926369
0.00204147
0.000855723
0.00196138
0.000785776
0.00188198
0.000716377
0.00180326
0.00064759
0.00172522
0.00057937
0.00164783
0.000511769
0.00157113
0.000444536
0.00149516
0.000378008
0.00141984
0.000312017
0.00134524
0.000246536
0.00127135
0.000181817
0.00119812
0.000117477
0.00112561
5.37344e-05
0.00105381
-9.1077e-06
0.00098256
-7.15569e-05
0.000912084
-0.00013342
0.00084233
-0.000194665
0.000773332
-0.000255223
0.000705087
-0.000315045
0.000637594
-0.000374121
0.000570874
-0.000432464
0.000504951
-0.000490072
0.000439839
-0.000546925
0.000375538
-0.000603013
0.000312048
-0.000658268
0.000249357
-0.000712775
0.000187475
-0.000766482
0.000126404
-0.000819396
6.61441e-05
-0.000871433
6.71948e-06
-0.00092277
-5.19121e-05
-0.000973293
-0.00010973
-0.00102303
-0.000166728
-0.00107204
-0.000222884
-0.00112048
-0.000278197
-0.00116779
-0.000332707
-0.00121436
-0.000386379
-0.00125922
-0.000439387
-0.00130414
-0.000491489
-0.00134821
-0.000542754
-0.00139155
-0.000593144
-0.00143414
-0.00064265
-0.00147594
-0.000691259
-0.00151685
-0.000739003
-0.001557
-0.000785901
-0.00159636
-0.00083196
-0.00163489
-0.000877143
-0.00167257
-0.000921504
-0.00170972
-0.000965027
-0.00174641
-0.00100771
-0.00178176
-0.00104963
-0.00181638
-0.00109067
-0.00185014
-0.00113091
-0.00188308
-0.00117031
-0.00191541
-0.00120885
-0.00194744
-0.00124666
-0.00197808
-0.00128369
-0.00200793
-0.00131988
-0.00203704
-0.00135519
-0.00206535
-0.00138963
-0.00209283
-0.00142321
-0.0021194
-0.00145593
-0.00214913
-0.00148735
-0.00217477
-0.0015181
-0.00219949
-0.00154804
-0.00222334
-0.00157711
-0.00224627
-0.00160538
-0.0022684
-0.00163284
-0.00228971
-0.00165948
-0.00231018
-0.0016853
-0.00232981
-0.00171029
-0.00234849
-0.00173447
-0.00236637
-0.00175783
-0.00238338
-0.00178035
-0.00239919
-0.00180209
-0.00241531
-0.00182308
-0.00242953
-0.00184328
-0.002443
-0.00186257
-0.00245575
-0.0018809
-0.00246747
-0.0018983
-0.00247837
-0.00191476
-0.00248838
-0.00193029
-0.00249754
-0.00194486
-0.00250976
-0.00195961
-0.00251649
-0.00197351
-0.0025227
-0.00198634
-0.00252824
-0.00199803
-0.00253278
-0.00200874
-0.00253616
-0.00201855
-0.0025385
-0.0020274
-0.00253998
-0.0020352
-0.00254064
-0.00204199
-0.00254047
-0.00204781
-0.00253943
-0.00205279
-0.00253759
-0.00205698
-0.002535
-0.00206035
-0.00253175
-0.00206291
-0.0025278
-0.00206469
-0.00252315
-0.00206573
-0.00251779
-0.00206606
-0.00251178
-0.00206569
-0.00250513
-0.00206461
-0.00249782
-0.00206281
-0.00248986
-0.0020603
-0.00248123
-0.00205707
-0.00247181
-0.00205309
-0.00246182
-0.00204836
-0.00245114
-0.00204287
-0.0024397
-0.0020366
-0.00242752
-0.00202955
-0.00241459
-0.00202169
-0.00240089
-0.00201301
-0.00238642
-0.00200352
-0.00237116
-0.00199319
-0.00235514
-0.00198205
-0.00233834
-0.00197009
-0.00232083
-0.00195726
-0.00230267
-0.00194358
-0.00228383
-0.00192907
-0.0022643
-0.00191375
-0.0022441
-0.00189767
-0.00222326
-0.00188084
-0.00220181
-0.00186327
-0.00217974
-0.00184499
-0.00215708
-0.00182602
-0.00213383
-0.00180637
-0.00210997
-0.00178605
-0.00208555
-0.00176507
-0.00206052
-0.00174343
-0.00203492
-0.00172113
-0.00200869
-0.00169815
-0.00198177
-0.00167451
-0.00195428
-0.00165017
-0.00192645
-0.00162519
-0.00189764
-0.00159959
-0.00186814
-0.00157335
-0.00184583
-0.0015455
-0.00181533
-0.0015168
-0.00178547
-0.00148736
-0.00175482
-0.00145729
-0.00172344
-0.00142671
-0.00169158
-0.00139564
-0.00165944
-0.00136397
-0.00162696
-0.00133173
-0.00159396
-0.00129903
-0.00156059
-0.00126585
-0.00152672
-0.00123218
-0.00149236
-0.00119801
-0.00145764
-0.00116329
-0.00142237
-0.00112806
-0.00138683
-0.00109234
-0.00135066
-0.00105607
-0.00131388
-0.00101924
-0.00127687
-0.000981852
-0.00123904
-0.000943857
-0.00120074
-0.000905236
-0.00116181
-0.000865999
-0.00112233
-0.000826192
-0.00108232
-0.000785781
-0.0010418
-0.00074475
-0.00100087
-0.000703135
-0.000959315
-0.000660935
-0.00091724
-0.000618244
-0.000874769
-0.000575026
-0.000831798
-0.0005313
-0.000788695
-0.000487123
-0.000744953
-0.000442472
-0.000700812
-0.00039742
-0.000656366
-0.000351946
-0.000611449
-0.000306113
-0.00056656
-0.000259889
-0.000521056
-0.000213242
-0.000475151
-0.000166143
-0.000428933
-0.000118612
-0.000382283
-7.07124e-05
-0.000335268
-2.25225e-05
-0.000287946
2.60944e-05
-0.000240152
7.50981e-05
-0.000192045
0.000124413
-0.000143593
0.000173962
-9.47527e-05
0.000223967
-4.54479e-05
0.00027439
4.1686e-06
0.000325106
5.38291e-05
0.00037616
0.000104296
0.000427663
0.000154938
0.000479626
0.000206057
0.000531979
0.000257531
0.000584619
0.000309515
0.000637481
0.000361979
0.000690485
0.000414939
0.000743538
0.000468435
0.000796585
0.000522509
0.000849547
0.000577305
0.00090237
0.000633095
0.000954958
0.000690035
0.00100703
0.000746334
0.00105963
0.000805453
0.00111303
0.000862513
0.00116721
0.000920583
0.00122207
0.000980254
0.00127731
0.00103984
0.00133312
0.00109975
0.00138951
0.00115989
0.00144641
0.00122042
0.0015037
0.00128121
0.00156125
0.00134225
0.00161899
0.00140331
0.00167687
0.00146435
0.00173481
0.00152535
0.00179277
0.00158651
0.00185067
0.00164709
0.00190839
0.00170784
0.001966
0.00176867
0.00202347
0.00182896
0.00208091
0.00188812
0.00213793
0.00194843
0.00219494
0.00200859
0.00225202
0.00206872
0.00230924
0.00212893
0.0023666
0.00218933
0.0024241
0.00224996
0.00248176
0.00231071
0.00253964
0.0023716
0.00259774
0.00243269
0.00265605
0.00249389
0.00271449
0.0025553
0.00277305
0.00261667
0.00283174
0.0026782
0.00289057
0.00273982
0.00294943
0.00280148
0.00300837
0.00286321
0.00306732
0.00292483
0.00312627
0.00298641
0.00318517
0.00304781
0.00324403
0.00310928
0.0033028
0.00317095
0.0033614
0.00323264
0.00341985
0.00329366
0.0034783
0.00335444
0.00353664
0.00341538
0.0035949
0.00347607
0.0036531
0.00353688
0.00371121
0.00359813
0.00376915
0.00365889
0.00382707
0.00372162
0.00388464
0.00378246
0.00394225
0.00384312
0.0039998
0.00390365
0.00405731
0.00396404
0.0041148
0.00402438
0.00417226
0.00408463
0.00422967
0.00414477
0.00428695
0.00420478
0.00434409
0.00426463
0.0044011
0.00432426
0.00445797
0.00438367
0.00451465
0.00444293
0.00457117
0.00450201
0.00462748
0.00456086
0.00468356
0.00461938
0.00473945
0.00467768
0.00479506
0.00473052
0.00485107
0.00478716
0.00490637
0.0048437
0.00496141
0.00490006
0.00501619
0.00495618
0.00507071
0.00501207
0.00512499
0.00506774
0.00517899
0.0051232
0.0052327
0.00517845
0.00528614
0.00523349
0.00533932
0.0052883
0.00539225
0.0053429
0.00544492
0.00539727
0.00549733
0.00545141
0.00554947
0.00550531
0.00560134
0.00555902
0.00565293
0.00561242
0.00570424
0.00566558
0.00575526
0.00571873
0.00580592
0.00577238
0.00585613
0.00582344
0.00590611
0.00587642
0.00595548
0.0059289
0.00600455
0.00598093
0.00605335
0.00603263
0.00610185
0.00608409
0.00615003
0.00613515
0.00619788
0.00618582
0.00624542
0.00623608
0.00629265
0.00628608
0.00633954
0.00633563
0.00638606
0.00638483
0.00643219
0.00643361
0.00647798
0.006482
0.00652342
0.00652996
0.00656847
0.00657761
0.0066131
0.00662694
0.00665702
0.00667409
0.00670071
0.00672074
0.0067439
0.0067669
0.00678667
0.00681259
0.00682903
0.00685787
0.00687098
0.00690275
0.00691247
0.00694723
0.0069536
0.00699129
0.00699425
0.00703493
0.00703458
0.00707815
0.00707448
0.00712093
0.00711389
0.00716329
0.00715288
0.00720521
0.00719143
0.00724668
0.00722953
0.00728771
0.00726716
0.00732828
0.00730437
0.00736831
0.0073412
0.00740786
0.00737772
0.00744685
0.00741407
0.00748522
0.0074504
0.00752292
0.0074869
0.0075599
0.00752373
0.00759639
0.0075597
0.00763232
0.00759507
0.00766778
0.00762979
0.00770276
0.00766383
0.00773725
0.00769741
0.00777093
0.00773254
0.00780433
0.00776564
0.00783723
0.00779821
0.00786966
0.00783024
0.00790162
0.00786178
0.00793305
0.00789286
0.007964
0.0079235
0.00799444
0.00795366
0.00802445
0.00798334
0.00805388
0.00801252
0.00808284
0.00804119
0.00811125
0.00806936
0.00813916
0.00809701
0.00816651
0.00812415
0.0081933
0.00815078
0.00821954
0.00817687
0.00824521
0.00820243
0.00827031
0.00822745
0.0082948
0.0082519
0.00831877
0.0082758
0.00834214
0.00829918
0.00836495
0.00832199
0.00838718
0.00834424
0.00840883
0.00836597
0.00842992
0.00838713
0.00845046
0.00840777
0.00847039
0.00842781
0.0084898
0.00844729
0.00850864
0.0084663
0.0085269
0.0084847
0.0085446
0.00850256
0.00856179
0.0085199
0.00857844
0.00853666
0.00859457
0.00855288
0.00861016
0.00856851
0.00862516
0.00858355
0.00863962
0.00859804
0.0086535
0.00861201
0.00866682
0.00862542
0.00867962
0.00863822
0.00869187
0.00865041
0.00870358
0.00866206
0.00871475
0.00867309
0.00872539
0.00868347
0.00873548
0.0086934
0.00874505
0.00870262
0.0087541
0.00871129
0.00876259
0.00871928
0.00877054
0.00872669
0.00877799
0.00873323
0.00878482
0.00874023
0.00879121
0.00874548
0.00879688
0.00875101
0.00880227
0.00875375
0.00880679
0.00875824
0.00881073
0.00876221
0.0088141
0.00876566
0.00881695
0.00876853
0.00881927
0.00877098
0.00882103
0.00877284
0.00882225
0.00877423
0.00882293
0.00877495
0.00882304
0.0087752
0.00882261
0.00877487
0.00882162
0.00877406
0.00882006
0.00877271
0.00881797
0.00877071
0.00881532
0.00876822
0.00881212
0.00876515
0.00880836
0.00876154
0.00880407
0.00875729
0.00879926
0.00875239
0.00879397
0.00874675
0.00878814
0.00874062
0.00878187
0.00873332
0.00877505
0.00872582
0.00876768
0.00871758
0.00875978
0.00870898
0.00875137
0.00869985
0.00874244
0.00869024
0.008733
0.00868013
0.00872307
0.00866944
0.00871265
0.00865813
0.00870179
0.00864625
0.00869044
0.00863402
0.00867864
0.00862114
0.00866629
0.00860823
0.00865346
0.00859429
0.00864009
0.00858045
0.00862632
0.00856512
0.00861201
0.00854982
0.00859713
0.00853436
0.00858177
0.00851734
0.00856592
0.00850024
0.00854954
0.00848334
0.00853266
0.00846535
0.00851525
0.00844718
0.00849733
0.00842859
0.00847907
0.00840836
0.00846025
0.0083886
0.00844091
0.00836837
0.00842112
0.00834673
0.00840077
0.00832615
0.00837999
0.00830475
0.00835873
0.00828292
0.00833701
0.00826067
0.00831484
0.00823809
0.00829224
0.00821496
0.00826918
0.00819149
0.00824565
0.0081677
0.00822174
0.00814244
0.00819731
0.00811798
0.00817246
0.00809314
0.00814717
0.00806785
0.00812148
0.00804192
0.00809535
0.00801592
0.0080688
0.00798923
0.00804185
0.00796227
0.00801447
0.00793499
0.00798669
0.00790724
0.00795849
0.00787911
0.0079299
0.00785061
0.00790093
0.00782175
0.00787157
0.00779247
0.00784181
0.00776285
0.00781167
0.00773296
0.00778115
0.00770268
0.00775026
0.00767209
0.007719
0.00764118
0.00768737
0.00760996
0.00765538
0.00757844
0.00762305
0.00754656
0.00759034
0.00751436
0.00755728
0.00748184
0.00752385
0.00744901
0.00749009
0.00741592
0.00745596
0.00738251
0.00742149
0.00734876
0.0073867
0.00731472
0.00735155
0.00728041
0.00731606
0.00724577
0.00728024
0.00721083
0.0072441
0.00717566
0.00720764
0.00714019
0.00717087
0.00710442
0.00713383
0.00706837
0.00709649
0.00703208
0.00705884
0.00699555
0.00702091
0.00695872
0.0069827
0.00692162
0.00694422
0.00688435
0.00690546
0.00684678
0.00686644
0.00680894
0.00682717
0.00677089
0.00678764
0.00673262
0.00674786
0.00669409
0.00670783
0.0066554
0.00666755
0.00661646
0.00662704
0.00657732
0.00658627
0.00653805
0.00654529
0.00649839
0.00650412
0.00645861
0.00646276
0.00641865
0.00642117
0.00637846
0.00637937
0.00633824
0.00633733
0.00629772
0.00629512
0.00625681
0.00625275
0.00621564
0.00621012
0.00617571
0.00616745
0.00613428
0.0061246
0.00609267
0.00608157
0.0060508
0.00603834
0.00600874
0.00599498
0.00596644
0.00595151
0.00592382
0.00590789
0.00588106
0.00586417
0.00583786
0.00582035
0.00579449
0.00577642
0.00575054
0.00573238
0.00570662
0.00568821
0.00566269
0.00564395
0.00561837
0.00559959
0.00557405
0.00555514
0.00552938
0.0055106
0.00548469
0.00546596
0.00543996
0.00542123
0.0053951
0.00537643
0.00535016
0.00533153
0.00530516
0.00528656
0.0052601
0.0052415
0.00521495
0.00519635
0.00516971
0.00515112
0.00512444
0.00510584
0.00507884
0.00506045
0.00503359
0.00501497
0.00498798
0.00496945
0.0049421
0.00492385
0.00489622
0.00487818
0.0048503
0.0048325
0.00480386
0.00478675
0.00475775
0.00474101
0.00471108
0.00469517
0.00466489
0.00464939
0.00461805
0.00460354
0.0045718
0.00455774
0.00452501
0.00451192
0.0044785
0.00446611
0.00443202
0.00442026
0.00438674
0.00437455
0.00434001
0.00432887
0.00429331
0.00428323
0.00424661
0.00423764
0.00420003
0.00419208
0.0041535
0.00414657
0.00410701
0.0041011
0.00406061
0.0040557
0.00401425
0.00401034
0.00396803
0.00396504
0.0039218
0.00391979
0.00387563
0.00387459
0.0038295
0.00382945
0.00378347
0.00378437
0.00373751
0.00373936
0.00369162
0.00369442
0.00364581
0.00364955
0.00360007
0.00360476
0.00355443
0.00356003
0.00350887
0.00351539
0.00346342
0.00347084
0.00341808
0.00342639
0.00337284
0.00338204
0.0033277
0.00333779
0.00328271
0.00329366
0.00323784
0.00324963
0.00319312
0.00320571
0.00314853
0.00316192
0.00310409
0.00311824
0.00305979
0.00307469
0.00301564
0.00303128
0.00297165
0.00298799
0.00292783
0.00294486
0.00288418
0.0029019
0.00284069
0.00285909
0.00279738
0.00281637
0.00275422
0.00277383
0.00271124
0.00273145
0.00266845
0.00268921
0.00262584
0.00264716
0.00258343
0.00260527
0.00254121
0.00256358
0.00249919
0.00252204
0.00245739
0.00248071
0.00241581
0.00243954
0.00237443
0.00239857
0.00233327
0.00235779
0.00229233
0.00231722
0.00225163
0.00227684
0.00221115
0.00223668
0.00217091
0.00219673
0.00213091
0.00215698
0.00209114
0.00211746
0.00205162
0.00207812
0.00201233
0.00203901
0.00197329
0.00200013
0.0019345
0.00196143
0.00189594
0.00192298
0.00185765
0.00188475
0.00181961
0.00184676
0.00178183
0.00180899
0.00174431
0.00177147
0.00170705
0.00173419
0.00167006
0.00169715
0.00163337
0.0016604
0.00159695
0.00162389
0.0015608
0.00158764
0.00152493
0.00155165
0.00148935
0.00151593
0.00145407
0.00148048
0.00141909
0.00144531
0.00138442
0.00141043
0.00135006
0.00137583
0.00131599
0.00134159
0.00128221
0.00130766
0.00124873
0.00127422
0.0012155
0.00123932
0.0011826
0.00120698
0.00114971
0.00117479
0.00111713
0.00114281
0.00108489
0.00111116
0.00105298
0.0010799
0.00102137
0.00104902
0.000990094
0.00101846
0.000959207
0.000988229
0.000928671
0.000958369
0.000898533
0.000928893
0.000868791
0.000899792
0.000839405
0.00087105
0.000810384
0.000842659
0.000781731
0.000814591
0.000753438
0.000786897
0.000725487
0.000759532
0.000697886
0.000732497
0.000670612
0.000705787
0.000643668
0.000679367
0.000617056
0.000653297
0.000590755
0.000627511
0.000564749
0.000602062
0.000539083
0.000576925
0.000513742
0.000552116
0.000488725
0.000527639
0.000464057
0.000503491
0.000439747
0.000479731
0.000415785
0.000456279
0.000392195
0.000433169
0.000368982
0.00041045
0.000346151
0.000388053
0.000323711
0.000366055
0.000301657
0.000344395
0.000280004
0.000323088
0.000258757
0.000302164
0.000237893
0.000281587
0.000217426
0.000261394
0.000197357
0.000241533
0.000177704
0.00022202
0.000158446
0.000202853
0.000139599
0.000184039
0.000121151
0.000165578
0.000103096
0.000147463
8.5429e-05
0.000129694
6.81471e-05
0.000112264
5.1259e-05
9.5211e-05
3.47353e-05
7.85006e-05
1.85768e-05
6.24139e-05
2.72258e-06
4.64518e-05
-1.27308e-05
2.99185e-05
-2.79488e-05
1.49365e-05
-4.28807e-05
1.79797e-07
-5.73889e-05
-1.42974e-05
-7.14329e-05
-2.83762e-05
-8.5048e-05
-4.20038e-05
-9.82608e-05
-5.52026e-05
-0.000111057
-6.80128e-05
-0.000123409
-8.04351e-05
-0.00013531
-9.24672e-05
-0.000146781
-0.000103766
-0.000157942
-0.000115051
-0.000168664
-0.000129132
-0.000179083
-0.000138549
-0.000189623
-0.000147889
-0.00019968
-0.000157016
-0.000209212
-0.000165684
-0.000218316
-0.000173837
-0.000227034
-0.000181552
-0.000235319
-0.000188919
-0.000243111
-0.000195957
-0.000250407
-0.000202597
-0.000257289
-0.000208872
-0.000263752
-0.000214812
-0.000269854
-0.00022041
-0.000275548
-0.000225692
-0.000280916
-0.000230749
-0.000285874
-0.000235383
-0.000290455
-0.000239678
-0.000294656
-0.000243638
-0.000298473
-0.000247279
-0.000301916
-0.000250606
-0.000304993
-0.000253603
-0.000307712
-0.000256209
-0.000310098
-0.000258506
-0.000312114
-0.000260574
-0.000313751
-0.00026227
-0.000315013
-0.000263505
-0.000315899
-0.000264461
-0.000316387
-0.000265014
-0.000316482
-0.000266864
-0.000316257
-0.000266319
-0.000315824
-0.000265563
-0.000314946
-0.000264527
-0.000313594
-0.000263116
-0.000311813
-0.00026129
-0.000309634
-0.000259039
-0.00030705
-0.000256436
-0.000304036
-0.000253216
-0.000300627
-0.000250181
-0.00029682
-0.000246471
-0.000292676
-0.000242386
-0.000288186
-0.000238069
-0.000283329
-0.000233334
-0.000278109
-0.000230795
-0.000272644
-0.000224671
-0.000267196
-0.000218411
-0.000261358
-0.000211959
-0.000255086
-0.000205085
-0.000248533
-0.000197872
-0.000241584
-0.000190277
-0.000234254
-0.000182375
-0.000226527
-0.000174128
-0.000218373
-0.000165586
-0.000209816
-0.000156641
-0.0002009
-0.000147382
-0.000191656
-0.000137801
-0.000182069
-0.000127982
-0.000172129
-0.00011791
-0.000161816
-0.000107479
-0.000151162
-9.67879e-05
-0.000140206
-8.57719e-05
-0.000128933
-7.46271e-05
-0.000117383
-6.31792e-05
-0.000105535
-5.14271e-05
-9.34013e-05
-3.92953e-05
-8.0978e-05
-2.86881e-05
-6.83885e-05
-1.57321e-05
-5.56774e-05
-2.64255e-06
-4.26213e-05
1.05324e-05
-2.91996e-05
2.41192e-05
-1.54426e-05
3.80364e-05
-1.39906e-06
5.22996e-05
1.29782e-05
6.68795e-05
2.77207e-05
8.16773e-05
4.28442e-05
9.67841e-05
5.83084e-05
0.000112217
7.40611e-05
0.000127958
9.01078e-05
0.000146911
0.000106125
0.000163715
0.000122427
0.000180689
0.00013896
0.000197831
0.000155784
0.000215233
0.000172929
0.000232951
0.000190396
0.000250935
0.000208172
0.000269399
0.000226228
0.000288026
0.000244591
0.000306934
0.000263228
0.000326104
0.00028215
0.000345553
0.000301272
0.000365109
0.000320694
0.000384859
0.000340395
0.000404811
0.000360368
0.000424945
0.000380609
0.000445316
0.000401078
0.000465851
0.000421768
0.00048658
0.000442676
0.000507458
0.000463788
0.000528476
0.000485076
0.00054965
0.000506538
0.00057099
0.000528164
0.000592265
0.000549935
0.000615038
0.000571734
0.000636867
0.000593767
0.000658946
0.000615994
0.000678768
0.000638752
0.00070068
0.000661563
0.000722931
0.000684573
0.000745451
0.000707775
0.000768718
0.000731077
0.000793751
0.000754194
0.000817715
0.000777518
0.000841801
0.000801032
0.000865953
0.000824794
0.00089031
0.000848828
0.000914859
0.000873126
0.000939723
0.000897655
0.00096472
0.000922429
0.00098991
0.000947437
0.00101524
0.000972678
0.0010407
0.000998114
0.00106629
0.00102371
0.00109192
0.00104945
0.00112306
0.00107459
0.00114988
0.0011
0.00117666
0.00112545
0.00120338
0.00115102
0.00123008
0.00117683
0.00125697
0.00120287
0.00128407
0.00122907
0.00131136
0.00125545
0.00133877
0.00128202
0.00136628
0.00130879
0.00139388
0.00133574
0.00142159
0.00136282
0.00144938
0.00139002
0.00147725
0.00141731
0.00150516
0.00144471
0.00153309
0.00147221
0.00156113
0.00149979
0.00158919
0.00152744
0.00161722
0.0015551
0.00164532
0.00158272
0.00167334
0.0016104
0.00170134
0.0016381
0.00172933
0.00166583
0.0017573
0.00169359
0.00178536
0.00172137
0.00181341
0.00174917
0.00184147
0.00177702
0.00186954
0.00180492
0.00189753
0.0018329
0.00192438
0.00186112
0.00195238
0.00188929
0.0019804
0.00191754
0.00200849
0.00194587
0.00203663
0.0019743
0.00206499
0.00200279
0.00209347
0.00203124
0.00212188
0.00205974
0.0021505
0.00208835
0.0021788
0.00211703
0.00220735
0.00214568
0.00223666
0.00217421
0.00226547
0.00220282
0.00229438
0.00223128
0.00232296
0.00225985
0.00235185
0.0022884
0.00237977
0.00231698
0.00240858
0.00234543
0.00243726
0.00237384
0.00246592
0.00240224
0.00249454
0.00243062
0.00252313
0.00245897
0.00255161
0.0024873
0.00258011
0.00251561
0.00261063
0.00254363
0.00263926
0.00257175
0.00266797
0.0025998
0.00269651
0.00262783
0.00272497
0.00265585
0.00275331
0.00268388
0.0027817
0.00271186
0.00280996
0.00273981
0.00283814
0.00276772
0.0028663
0.00279563
0.00289399
0.00282342
0.00292198
0.00285113
0.00294988
0.00287877
0.00297503
0.00290639
0.00300354
0.00293346
0.00303173
0.00296047
0.00305967
0.00298747
0.00308753
0.00301441
0.00311535
0.00304126
0.0031431
0.00306803
0.00317072
0.00309478
0.00319819
0.00312151
0.00322555
0.00314819
0.00325278
0.00317477
0.00327988
0.00320124
0.00330685
0.00322763
0.00333366
0.00325393
0.00336031
0.00328011
0.00338685
0.00330617
0.00341318
0.00333199
0.00343931
0.00335773
0.00346526
0.00338333
0.00349098
0.00340882
0.0035166
0.00343411
0.00354184
0.00345926
0.00356565
0.00348429
0.00359121
0.00350896
0.00361653
0.00353347
0.00364162
0.00355788
0.00366652
0.00358218
0.00369128
0.00360638
0.00371585
0.00363044
0.00374027
0.00365442
0.00376441
0.0036783
0.00379501
0.00370123
0.00382031
0.00372445
0.00384526
0.00374741
0.00386993
0.00377018
0.00389435
0.00379284
0.00391865
0.0038154
0.00394288
0.00383781
0.00396701
0.00386012
0.003991
0.00388228
0.00401481
0.00390429
0.00403846
0.00392617
0.00406193
0.00394788
0.00408523
0.00396941
0.00410836
0.00399074
0.00413128
0.00401189
0.004154
0.00403285
0.00417653
0.00405363
0.00419884
0.0040742
0.00422094
0.00409456
0.00424281
0.00411472
0.00426446
0.00413467
0.00428587
0.00415439
0.00430705
0.00417387
0.00432801
0.00419312
0.00434874
0.00421214
0.00436923
0.00423095
0.0043895
0.00424954
0.00440954
0.00426791
0.00442936
0.00428605
0.00444897
0.00430397
0.00446835
0.00432167
0.00448753
0.00433916
0.00450649
0.00435643
0.00452525
0.00437347
0.00454379
0.00439032
0.0045621
0.00440694
0.00458019
0.00442334
0.004598
0.00443948
0.00461561
0.0044554
0.00463299
0.0044711
0.00465011
0.00448653
0.00466702
0.00450174
0.00468368
0.00451675
0.00470011
0.0045315
0.00471629
0.004546
0.00473221
0.00456032
0.00474791
0.00457437
0.00476336
0.00458816
0.00477856
0.00460171
0.00479354
0.00461503
0.00480827
0.00462811
0.00482273
0.00464097
0.00483698
0.0046536
0.00485095
0.00466595
0.00486468
0.00467804
0.00487812
0.00468991
0.00489135
0.00470146
0.00490431
0.00471281
0.00491704
0.00472394
0.00492951
0.00473479
0.00494172
0.00474538
0.0049536
0.00475567
0.00496526
0.00476572
0.00497668
0.00477552
0.00498784
0.00478509
0.00499876
0.00479435
0.00500946
0.00480335
0.00501979
0.00481212
0.00502989
0.00482062
0.00503973
0.00482886
0.00504931
0.00483683
0.00505864
0.00484452
0.00506771
0.00485197
0.00507651
0.00485915
0.00508505
0.00486606
0.00509333
0.00487271
0.00510134
0.00487907
0.00510909
0.0048852
0.00511658
0.00489107
0.00512381
0.00489665
0.00513076
0.00490198
0.00513746
0.00490707
0.0051439
0.00491191
0.00515008
0.00491644
0.005156
0.00492073
0.00516166
0.00492475
0.00516705
0.00492852
0.00517218
0.00493206
0.00517705
0.00493532
0.00518167
0.00493832
