-0.00676917 0.00155405
-0.00676357 0.00230642
-0.00676357 0.00155982
-0.00675564 0.00230672
-0.00675564 0.00156492
-0.00674738 0.00230701
-0.00674738 0.00157065
-0.00673865 0.00230736
-0.00673865 0.00157634
-0.00673107 0.00230778
-0.00673107 0.00158215
-0.00672335 0.00230832
-0.00672335 0.00158715
-0.00671577 0.00230876
-0.00671577 0.00159303
-0.00670799 0.00230924
-0.00670799 0.00159884
-0.00670015 0.00230979
-0.00670015 0.00160439
-0.00669341 0.00231038
-0.00669341 0.00160995
-0.00668805 0.00231101
-0.00668805 0.00161555
-0.00668062 0.00231161
-0.00668062 0.00162114
-0.00667319 0.00231221
-0.00667319 0.0016267
-0.00666551 0.00231286
-0.00666551 0.0016322
-0.00665855 0.00231357
-0.00665855 0.00163767
-0.00665245 0.00231431
-0.00665245 0.00164318
-0.0066475 0.00231509
-0.0066475 0.00164872
-0.00664324 0.00231592
-0.00664324 0.00165431
-0.00663938 0.00231684
-0.00663938 0.00165994
-0.00663585 0.00231785
-0.00663585 0.00166551
-0.00663089 0.00231886
-0.00663089 0.00167138
-0.00662721 0.00231995
-0.00662721 0.00167692
-0.00662357 0.0023211
-0.00662357 0.00168251
-0.00661938 0.00232231
-0.00661938 0.00168812
-0.00661534 0.00232357
-0.00661534 0.00169377
-0.00661152 0.00232486
-0.00661152 0.00169947
-0.00660755 0.00232621
-0.00660755 0.00170503
-0.00660339 0.00232758
-0.00660339 0.00171069
-0.00659585 0.00232757
-0.00659585 0.00172766
-0.00657776 0.00232811
-0.00657776 0.00173565
-0.00655492 0.00232836
-0.00655492 0.00174321
-0.00653308 0.00232858
-0.00653308 0.00175027
-0.00652108 0.00232903
-0.00652108 0.00175713
-0.00652001 0.00232971
-0.00652001 0.0017642
-0.00652509 0.00233053
-0.00652509 0.00177159
-0.00653213 0.00233151
-0.00653213 0.00177925
-0.00653999 0.00233274
-0.00653999 0.00178706
-0.00654799 0.00233425
-0.00654799 0.00179502
-0.00655546 0.002336
-0.00655546 0.00180306
-0.00656127 0.00233789
-0.00656127 0.00181126
-0.00656496 0.00233987
-0.00656496 0.00181958
-0.00656675 0.00234194
-0.00656675 0.00182795
-0.00656698 0.00234409
-0.00656698 0.00183633
-0.00656687 0.00234629
-0.00656687 0.00184475
-0.00656418 0.00234849
-0.00656418 0.00185309
-0.00656013 0.00235064
-0.00656013 0.00186135
-0.00655509 0.0023527
-0.00655509 0.00186958
-0.00654904 0.0023547
-0.00654904 0.00187758
-0.00654218 0.00235661
-0.00654218 0.00188539
-0.0065351 0.00235844
-0.0065351 0.00189301
-0.006528 0.00236018
-0.006528 0.00190048
-0.00652136 0.00236187
-0.00652136 0.00190776
-0.00651525 0.0023635
-0.00651525 0.00191493
-0.00651001 0.00236513
-0.00651001 0.00192201
-0.00650584 0.00236676
-0.00650584 0.00192902
-0.00650276 0.00236843
-0.00650276 0.00193596
-0.00650111 0.00237016
-0.00650111 0.00194288
-0.00650068 0.00237198
-0.00650068 0.00194979
-0.00650135 0.0023739
-0.00650135 0.00195674
-0.00650309 0.00237594
-0.00650309 0.00196369
-0.00650558 0.0023781
-0.00650558 0.00197068
-0.00650877 0.00238039
-0.00650877 0.0019777
-0.00651234 0.00238279
-0.00651234 0.00198476
-0.00651605 0.00238531
-0.00651605 0.00199188
-0.00651897 0.00238789
-0.00651897 0.00199906
-0.00652204 0.00239056
-0.00652204 0.00200619
-0.00652479 0.00239329
-0.00652479 0.00201333
-0.00652779 0.00239609
-0.00652779 0.00202039
-0.00653021 0.00239892
-0.00653021 0.00202745
-0.00653254 0.00240178
-0.00653254 0.00203447
-0.00653488 0.00240466
-0.00653488 0.00204144
-0.00653718 0.00240755
-0.00653718 0.00204838
-0.00653933 0.00241046
-0.00653933 0.0020553
-0.00654148 0.00241338
-0.00654148 0.00206207
-0.00654367 0.0024163
-0.00654367 0.00206887
-0.00654608 0.00241925
-0.00654608 0.00207559
-0.00654896 0.00242221
-0.00654896 0.00208227
-0.00655221 0.0024252
-0.00655221 0.00208889
-0.00655571 0.00242822
-0.00655571 0.00209547
-0.00655951 0.00243127
-0.00655951 0.002102
-0.00656358 0.00243437
-0.00656358 0.00210848
-0.00656785 0.00243749
-0.00656785 0.00211495
-0.00657225 0.00244066
-0.00657225 0.00212138
-0.00657489 0.00244381
-0.00657489 0.00212782
-0.0065797 0.00244702
-0.0065797 0.00213416
-0.00658479 0.00245027
-0.00658479 0.00214048
-0.00658928 0.00245355
-0.00658928 0.00214676
-0.00659369 0.00245686
-0.00659369 0.00215303
-0.00659801 0.0024602
-0.00659801 0.00215923
-0.00660221 0.00246355
-0.00660221 0.00216538
-0.00660629 0.00246692
-0.00660629 0.00217149
-0.00661028 0.00247029
-0.00661028 0.00217753
-0.00661458 0.00247368
-0.00661458 0.00218352
-0.00661892 0.00247709
-0.00661892 0.00218946
-0.00662313 0.0024805
-0.00662313 0.00219534
-0.00662744 0.00248392
-0.00662744 0.00220116
-0.00663173 0.00248735
-0.00663173 0.00220694
-0.00663614 0.00249079
-0.00663614 0.00221268
-0.00664049 0.00249422
-0.00664049 0.00221843
-0.00664489 0.00249767
-0.00664489 0.00222402
-0.00664961 0.00250112
-0.00664961 0.00222967
-0.00665461 0.00250458
-0.00665461 0.00223531
-0.00665979 0.00250807
-0.00665979 0.00224087
-0.00666527 0.00251158
-0.00666527 0.00224642
-0.00667095 0.00251509
-0.00667095 0.00225199
-0.00667664 0.00251863
-0.00667664 0.00225743
-0.00668288 0.00252219
-0.00668288 0.00226293
-0.00668918 0.00252578
-0.00668918 0.00226835
-0.00669626 0.00252939
-0.00669626 0.00227379
-0.00670314 0.00253304
-0.00670314 0.00227916
-0.00671044 0.00253671
-0.00671044 0.00228455
-0.00671752 0.0025404
-0.00671752 0.00228989
-0.00672496 0.00254411
-0.00672496 0.00229521
-0.00673241 0.00254784
-0.00673241 0.00230052
-0.00673991 0.00255159
-0.00673991 0.00230571
-0.00674728 0.00255534
-0.00674728 0.00231095
-0.00675459 0.0025591
-0.00675459 0.00231616
-0.00676183 0.00256287
-0.00676183 0.00232134
-0.00676896 0.00256663
-0.00676896 0.00232645
-0.00677604 0.00257039
-0.00677604 0.00233155
-0.00678308 0.00257413
-0.00678308 0.00233668
-0.00679021 0.00257788
-0.00679021 0.00234165
-0.00679759 0.00258161
-0.00679759 0.00234667
-0.00680349 0.00258529
-0.00680349 0.00235168
-0.00681149 0.00258901
-0.00681149 0.00235652
-0.00681911 0.00259271
-0.00681911 0.00236139
-0.00682696 0.00259641
-0.00682696 0.00236635
-0.00683514 0.00260013
-0.00683514 0.00237117
-0.00684368 0.00260388
-0.00684368 0.00237583
-0.00685106 0.00260757
-0.00685106 0.00238077
-0.00685948 0.00261119
-0.00685948 0.00238646
-0.0068682 0.00261488
-0.0068682 0.00239156
-0.00687566 0.00261876
-0.00687566 0.00239441
-0.00688216 0.00262235
-0.00688216 0.00239942
-0.00688888 0.00262593
-0.00688888 0.00240432
-0.0068962 0.00262953
-0.0068962 0.00240909
-0.00690421 0.00263313
-0.00690421 0.00241379
-0.00691283 0.00263673
-0.00691283 0.00241847
-0.00692198 0.00264051
-0.00692198 0.00242177
-0.0069311 0.00264416
-0.0069311 0.00242614
-0.00694011 0.00264775
-0.00694011 0.00243102
-0.00694803 0.00265148
-0.00694803 0.00243405
-0.00695533 0.00265497
-0.00695533 0.00243889
-0.00696271 0.00265847
-0.00696271 0.00244353
-0.0069707 0.00266199
-0.0069707 0.0024481
-0.00697958 0.0026655
-0.00697958 0.00245272
-0.00698889 0.00266903
-0.00698889 0.00245722
-0.00699862 0.00267257
-0.00699862 0.00246167
-0.00700841 0.00267612
-0.00700841 0.00246606
-0.00701953 0.00268048
-0.00701953 0.00246397
-0.00702985 0.00268425
-0.00702985 0.00246706
-0.00703726 0.00268793
-0.00703726 0.00247012
-0.00704513 0.00269159
-0.00704513 0.00247307
-0.00705446 0.0026953
-0.00705446 0.00247605
-0.00706586 0.00269906
-0.00706586 0.00247905
-0.00707586 0.00270278
-0.00707586 0.00248206
-0.00708751 0.0027065
-0.00708751 0.00248511
-0.00709944 0.00271023
-0.00709944 0.00248815
-0.00711174 0.00271399
-0.00711174 0.00249128
-0.00712415 0.00271778
-0.00712415 0.00249438
-0.0071349 0.00272156
-0.0071349 0.00249751
-0.00714594 0.00272532
-0.00714594 0.00250059
-0.00715652 0.00272906
-0.00715652 0.00250365
-0.00716661 0.00273277
-0.00716661 0.00250667
-0.00717626 0.00273646
-0.00717626 0.00250965
-0.00718547 0.0027401
-0.00718547 0.00251258
-0.00719429 0.00274369
-0.00719429 0.00251546
-0.00720234 0.00274722
-0.00720234 0.00251831
-0.00721034 0.00275069
-0.00721034 0.00252109
-0.00721747 0.00275408
-0.00721747 0.0025238
-0.00722459 0.00275742
-0.00722459 0.00252643
-0.00723176 0.0027607
-0.00723176 0.00252898
-0.00723949 0.00276392
-0.00723949 0.00253154
-0.007247 0.0027671
-0.007247 0.002534
-0.00725457 0.00277023
-0.00725457 0.00253641
-0.00726215 0.00277331
-0.00726215 0.0025388
-0.00726999 0.00277637
-0.00726999 0.00254113
-0.00727795 0.00277939
-0.00727795 0.00254343
-0.00728605 0.00278239
-0.00728605 0.00254565
-0.00729459 0.00278538
-0.00729459 0.00254791
-0.00730335 0.00278833
-0.00730335 0.00255019
-0.00731229 0.00279126
-0.00731229 0.0025526
-0.0073211 0.00279412
-0.0073211 0.00255529
-0.00732938 0.00279686
-0.00732938 0.00255846
-0.00733651 0.00279944
-0.00733651 0.00256237
-0.00734189 0.00280214
-0.00734189 0.00256458
-0.00734731 0.00280455
-0.00734731 0.0025685
-0.00735372 0.00280696
-0.00735372 0.00257224
-0.0073618 0.00280939
-0.0073618 0.00257581
-0.00737117 0.00281181
-0.00737117 0.00257943
-0.00737855 0.00281446
-0.00737855 0.00257999
-0.00738447 0.00281653
-0.00738447 0.00258458
-0.00739013 0.00281862
-0.00739013 0.00258887
-0.00765763 0.00282618
-0.00765763 0.00259856
-0.0079403 0.0028386
-0.0079403 0.00261314
-0.00820547 0.00285511
-0.00820547 0.00263189
-0.00844475 0.00287495
-0.00844475 0.00265405
-0.0086592 0.00289756
-0.0086592 0.00267886
-0.00884761 0.00292228
-0.00884761 0.00270587
-0.00900764 0.00294848
-0.00900764 0.00273434
-0.0091398 0.00297562
-0.0091398 0.00276327
-0.00924853 0.00300338
-0.00924853 0.00279123
-0.00933816 0.0030308
-0.00933816 0.00282268
-0.00941015 0.00305768
-0.00941015 0.00285575
-0.00946268 0.00308436
-0.00946268 0.00288474
-0.00949815 0.00311025
-0.00949815 0.00291281
-0.00951812 0.00313525
-0.00951812 0.00293971
-0.00952582 0.00315928
-0.00952582 0.0029658
-0.00952134 0.00318227
-0.00952134 0.00299088
-0.00950293 0.00320419
-0.00950293 0.00301455
-0.00946948 0.00322489
-0.00946948 0.0030373
-0.00942025 0.00324441
-0.00942025 0.00305853
-0.00935556 0.00326266
-0.00935556 0.00307881
-0.00927579 0.00327962
-0.00927579 0.00309758
-0.00917814 0.00329514
-0.00917814 0.00311508
-0.00906542 0.0033092
-0.00906542 0.00313091
-0.00893658 0.00332171
-0.00893658 0.00314509
-0.00879201 0.00333257
-0.00879201 0.00315757
-0.00863184 0.00334167
-0.00863184 0.0031686
-0.00845684 0.00334897
-0.00845684 0.0031777
-0.00826809 0.00335439
-0.00826809 0.00318481
-0.00806662 0.00335789
-0.00806662 0.00319011
-0.00785389 0.00335949
-0.00785389 0.00319341
-0.00763154 0.00335917
-0.00763154 0.00319504
-0.0074013 0.00335705
-0.0074013 0.0031947
-0.00716503 0.00335316
-0.00716503 0.00319249
-0.00692405 0.00334763
-0.00692405 0.00318873
-0.00667997 0.00334058
-0.00667997 0.00318333
-0.00643372 0.00333215
-0.00643372 0.00317659
-0.00618631 0.00332242
-0.00618631 0.00316871
-0.00593797 0.00331169
-0.00593797 0.00315929
-0.00568962 0.00330012
-0.00568962 0.0031479
-0.00544222 0.0032882
-0.00544222 0.00313264
-0.00519548 0.00327528
-0.00519548 0.00311841
-0.00494647 0.00326152
-0.00494647 0.00310356
-0.00469385 0.00324697
-0.00469385 0.00308807
-0.00443566 0.00323161
-0.00443566 0.00307179
-0.00417128 0.00321541
-0.00417128 0.00305463
-0.00390053 0.00319835
-0.00390053 0.00303665
-0.00362312 0.00318033
-0.00362312 0.00301775
-0.00333816 0.00316131
-0.00333816 0.00299792
-0.00304527 0.00314123
-0.00304527 0.00297707
-0.00274337 0.00312
-0.00274337 0.00295514
-0.00212804 0.00309125
-0.00212804 0.00292583
-0.00149465 0.00305551
-0.00149465 0.00289069
-0.000882328 0.00301411
-0.000882328 0.00284751
-0.000298357 0.00296813
-0.000298357 0.0028014
0.000260588 0.00291841
0.000260588 0.00275342
0.000796328 0.00286586
0.000796328 0.00270021
0.00130978 0.00281085
0.00130978 0.00264473
0.00180659 0.00275365
0.00180659 0.00258739
0.00229335 0.00269479
0.00229335 0.00252837
0.00277491 0.00263447
0.00277491 0.00246784
0.00325347 0.00257278
0.00325347 0.00240595
0.00372961 0.00250993
0.00372961 0.00234299
0.00420394 0.00244592
0.00420394 0.00227901
0.00467663 0.0023808
0.00467663 0.00221402
0.00514751 0.00231462
0.00514751 0.00214801
0.00561618 0.00224742
0.00561618 0.00208097
0.00608243 0.00217916
0.00608243 0.0020129
0.0065462 0.00210987
0.0065462 0.00194382
0.00700745 0.0020396
0.00700745 0.00187378
0.00746508 0.00196848
0.00746508 0.00180287
0.00791849 0.00189669
0.00791849 0.00173125
0.00836523 0.00182448
0.00836523 0.00165918
0.00880619 0.00175212
0.00880619 0.00158692
0.00923911 0.00167995
0.00923911 0.00151471
0.00966264 0.00160824
0.00966264 0.001443
0.0100764 0.00153728
0.0100764 0.00137203
0.0104799 0.00146734
0.0104799 0.00130208
0.010874 0.00139866
0.010874 0.00123336
0.0112597 0.00133131
0.0112597 0.00116601
0.011638 0.00126539
0.011638 0.00110013
0.0120101 0.00120097
0.0120101 0.00103577
0.0123782 0.00113802
0.0123782 0.000972891
0.0127436 0.0010765
0.0127436 0.000911442
0.0131082 0.0010163
0.0131082 0.000851304
0.0134735 0.000957301
0.0134735 0.000792347
0.013841 0.000900521
0.013841 0.000735505
0.0142118 0.000846722
0.0142118 0.000681772
0.0145863 0.000795978
0.0145863 0.000630995
0.0149649 0.000748208
0.0149649 0.000583144
0.0153484 0.000703343
0.0153484 0.00053817
0.0157359 0.000661298
0.0157359 0.000496027
0.0161301 0.000621944
0.0161301 0.000456648
0.0165268 0.000585208
0.0165268 0.000419955
0.016928 0.000551017
0.016928 0.000385843
0.0173306 0.000519311
0.0173306 0.000354215
0.0177344 0.00049
0.0177344 0.000324985
0.0181384 0.000462979
0.0181384 0.000298096
0.0185425 0.000438273
0.0185425 0.00027342
0.0189441 0.000415553
0.0189441 0.0002509
0.0193422 0.00039471
0.0193422 0.000230499
0.019735 0.000375668
0.019735 0.000212181
0.0201219 0.000358605
0.0201219 0.000195898
0.0205034 0.000343244
0.0205034 0.000181506
0.0208803 0.000329512
0.0208803 0.000169055
0.0212526 0.000317538
0.0212526 0.000158503
0.0216201 0.000307088
0.0216201 0.000149594
0.0219814 0.000298168
0.0219814 0.000142175
0.0223345 0.000290823
0.0223345 0.000136079
0.0226792 0.000285097
0.0226792 0.00013119
0.0230159 0.000280867
0.0230159 0.000127441
0.0233455 0.000277915
0.0233455 0.000124766
0.023668 0.000276125
0.023668 0.00012306
0.0239828 0.000275377
0.0239828 0.000122222
0.0242895 0.000275517
0.0242895 0.000122168
0.024588 0.000276416
0.024588 0.000122832
0.0248793 0.000277943
0.0248793 0.000124149
0.0251645 0.000279995
0.0251645 0.000126035
0.0254448 0.000282479
0.0254448 0.000128375
0.0257214 0.000285296
0.0257214 0.000131055
0.025994 0.000288339
0.025994 0.000133945
0.0262633 0.000291489
0.0262633 0.000136936
0.02653 0.000294638
0.02653 0.000139904
0.026794 0.000297684
0.026794 0.000142723
0.0270561 0.000300526
0.0270561 0.000145275
0.0273159 0.000303054
0.0273159 0.000147461
0.0275741 0.000305158
0.0275741 0.000149182
0.0278309 0.00030673
0.0278309 0.000150334
0.0280863 0.000307688
0.0280863 0.000150821
0.0283406 0.000307939
0.0283406 0.000150547
0.0285939 0.000307398
0.0285939 0.00014943
0.0288461 0.000305977
0.0288461 0.000147401
0.0290972 0.000303617
0.0290972 0.000144384
0.0293473 0.000300266
0.0293473 0.000140317
0.0295959 0.000295875
0.0295959 0.000135143
0.0298435 0.000290399
0.0298435 0.000128816
0.0300892 0.000283789
0.0300892 0.000121296
0.0303333 0.000276029
0.0303333 0.00011256
0.0305752 0.000267096
0.0305752 0.000102582
0.0308149 0.000256989
0.0308149 9.13616e-05
0.031052 0.000245706
0.031052 7.88903e-05
0.0312867 0.00023329
0.0312867 6.52239e-05
0.0315184 0.000219712
0.0315184 4.98208e-05
0.0317451 0.000205023
0.0317451 3.29821e-05
0.0319661 0.000189261
0.0319661 1.47374e-05
0.0321819 0.000172472
0.0321819 -4.80942e-06
0.0323944 0.000154698
0.0323944 -2.55495e-05
0.0326058 0.000135987
0.0326058 -4.74369e-05
0.0328165 0.000116379
0.0328165 -7.04285e-05
0.0330255 9.59084e-05
0.0330255 -9.47463e-05
0.0332303 7.46123e-05
0.0332303 -0.000120142
0.0334296 5.25604e-05
0.0334296 -0.000146577
0.0336239 2.98469e-05
0.0336239 -0.000173941
0.0338148 6.56511e-06
0.0338148 -0.00020212
0.0340031 -1.76488e-05
0.0340031 -0.000230999
0.0341883 -4.24556e-05
0.0341883 -0.000260488
0.0343697 -6.77813e-05
0.0343697 -0.000290476
0.0345476 -9.34793e-05
0.0345476 -0.000320869
0.0347236 -0.000119427
0.0347236 -0.000351579
0.0348994 -0.000145552
0.0348994 -0.00038252
0.0350753 -0.000171792
0.0350753 -0.000413615
0.0352502 -0.00019806
0.0352502 -0.000444783
0.0354228 -0.000224247
0.0354228 -0.000475959
0.0355929 -0.000250246
0.0355929 -0.000507053
0.0357608 -0.000275964
0.0357608 -0.000537965
0.035927 -0.000301328
0.035927 -0.000568579
0.0360918 -0.000326254
0.0360918 -0.000598813
0.0362553 -0.00035066
0.0362553 -0.000628595
0.0364171 -0.000374464
0.0364171 -0.000657855
0.036577 -0.000397606
0.036577 -0.000686517
0.0367352 -0.000420019
0.0367352 -0.000714501
0.0368914 -0.000441648
0.0368914 -0.000741747
0.0370458 -0.000462419
0.0370458 -0.000768205
0.0371983 -0.000482279
0.0371983 -0.000793822
0.0373488 -0.000501191
0.0373488 -0.000818559
0.0374972 -0.000519126
0.0374972 -0.000842368
0.0376435 -0.000536056
0.0376435 -0.000865214
0.0377872 -0.000551943
0.0377872 -0.000887081
0.0379286 -0.000566756
0.0379286 -0.00090794
0.0380673 -0.000580493
0.0380673 -0.00092778
0.0382042 -0.000593143
0.0382042 -0.000946599
0.0383384 -0.00060471
0.0383384 -0.000964397
0.0384701 -0.000615202
0.0384701 -0.000981185
0.0385993 -0.000624638
0.0385993 -0.000996984
0.0387257 -0.00063305
0.0387257 -0.00101182
0.0388496 -0.000640465
0.0388496 -0.00102572
0.0389707 -0.00064693
0.0389707 -0.00103872
0.039089 -0.000652479
0.039089 -0.00105087
0.0392061 -0.000657168
0.0392061 -0.00106222
0.0393187 -0.000661042
0.0393187 -0.00107282
0.0394288 -0.000664165
0.0394288 -0.00108272
0.0395361 -0.000666604
0.0395361 -0.00109199
0.0396408 -0.000668425
0.0396408 -0.00110071
0.0397427 -0.000669702
0.0397427 -0.00110893
0.0398421 -0.000670507
0.0398421 -0.00111675
0.039938 -0.000670917
0.039938 -0.00112422
0.0400308 -0.00067102
0.0400308 -0.00113144
0.0401216 -0.000670891
0.0401216 -0.00113849
0.0402115 -0.000670619
0.0402115 -0.00114544
0.0402973 -0.000670283
0.0402973 -0.00115239
0.0403799 -0.000669967
0.0403799 -0.00115942
0.0404612 -0.000669746
0.0404612 -0.00116659
0.0405403 -0.000669705
0.0405403 -0.00117399
0.040617 -0.000669924
0.040617 -0.00118172
0.040691 -0.000670473
0.040691 -0.00118984
0.0407633 -0.000671421
0.0407633 -0.0011984
0.0408334 -0.000672833
0.0408334 -0.00120749
0.0409011 -0.000674767
0.0409011 -0.00121717
0.040967 -0.000677278
0.040967 -0.00122749
0.0410309 -0.000680425
0.0410309 -0.00123851
0.0410926 -0.000684266
0.0410926 -0.00125029
0.0411521 -0.000688839
0.0411521 -0.00126286
0.0412096 -0.000694173
0.0412096 -0.00127625
0.0412646 -0.000700292
0.0412646 -0.0012905
0.0413176 -0.000707214
0.0413176 -0.00130562
0.0413687 -0.000714964
0.0413687 -0.00132109
0.041418 -0.000723565
0.041418 -0.00133683
0.0414653 -0.000732679
0.0414653 -0.00135278
0.0415104 -0.000741952
0.0415104 -0.00136895
0.0415531 -0.000751382
0.0415531 -0.00138534
0.0415937 -0.000760973
0.0415937 -0.00140194
0.0416324 -0.000770716
0.0416324 -0.00141874
0.0416698 -0.000780603
0.0416698 -0.00143574
0.0417053 -0.000790602
0.0417053 -0.00145289
0.0417388 -0.00080066
0.0417388 -0.00147015
0.0417704 -0.000810763
0.0417704 -0.0014875
0.0418003 -0.000820885
0.0418003 -0.00150492
0.0418283 -0.000830969
0.0418283 -0.00152233
0.0418542 -0.000840904
0.0418542 -0.00153963
0.0418778 -0.000850659
0.0418778 -0.00155677
0.0418994 -0.000860199
0.0418994 -0.00157374
0.0419193 -0.000869485
0.0419193 -0.00159048
0.0419373 -0.000878431
0.0419373 -0.00160692
0.0419546 -0.000886974
0.0419546 -0.00162299
0.0419699 -0.000895044
0.0419699 -0.00163861
0.0419834 -0.000902581
0.0419834 -0.00165373
0.0419947 -0.000909508
0.0419947 -0.00166826
0.0420047 -0.000915768
0.0420047 -0.00168215
0.0420125 -0.000921294
0.0420125 -0.00169532
0.0420188 -0.00092603
0.0420188 -0.00170773
0.0420219 -0.000929869
0.0420219 -0.00171926
0.0420264 -0.000932825
0.0420264 -0.00172992
0.0420269 -0.000934769
0.0420269 -0.00173959
0.0420253 -0.000935652
0.0420253 -0.00174821
0.042022 -0.000935418
0.042022 -0.00175574
0.0420177 -0.000934034
0.0420177 -0.00176215
0.0420109 -0.000931438
0.0420109 -0.00176735
0.0420022 -0.000927584
0.0420022 -0.00177132
0.0419916 -0.000922429
0.0419916 -0.00177401
0.0419789 -0.000915934
0.0419789 -0.00177538
0.0419644 -0.000908071
0.0419644 -0.00177539
0.0419479 -0.000898813
0.0419479 -0.00177402
0.0419295 -0.000888141
0.0419295 -0.00177125
0.0419092 -0.000876048
0.0419092 -0.00176707
0.0418867 -0.000862521
0.0418867 -0.00176146
0.0418623 -0.000847542
0.0418623 -0.00175442
0.0418357 -0.000831122
0.0418357 -0.00174595
0.0418068 -0.000813263
0.0418068 -0.00173603
0.0417764 -0.000793964
0.0417764 -0.00172468
0.0417433 -0.000773251
0.0417433 -0.00171192
0.0417081 -0.000751138
0.0417081 -0.00169778
0.0416709 -0.000727648
0.0416709 -0.00168227
0.0416316 -0.000702809
0.0416316 -0.00166543
0.0415902 -0.000676659
0.0415902 -0.0016473
0.0415467 -0.000649253
0.0415467 -0.00162791
0.0415007 -0.000620584
0.0415007 -0.00160726
0.0414527 -0.000590714
0.0414527 -0.00158542
0.0414024 -0.000559698
0.0414024 -0.00156245
0.0413495 -0.000527583
0.0413495 -0.00153838
0.0412946 -0.000494411
0.0412946 -0.00151328
0.0412376 -0.000460243
0.0412376 -0.00148719
0.0411787 -0.00042516
0.0411787 -0.00146019
0.0411175 -0.000389174
0.0411175 -0.0014323
0.0410537 -0.00035233
0.0410537 -0.00140356
0.0409875 -0.000314701
0.0409875 -0.00137405
0.0409191 -0.00027635
0.0409191 -0.00134383
0.0408486 -0.000237324
0.0408486 -0.00131294
0.040776 -0.000197682
0.040776 -0.00128145
0.040702 -0.000157504
0.040702 -0.00124943
0.0406259 -0.000116798
0.0406259 -0.00121688
0.0405471 -7.56204e-05
0.0405471 -0.00118386
0.0404661 -3.40133e-05
0.0404661 -0.00115044
0.0403832 7.97368e-06
0.0403832 -0.00111665
0.0402982 5.03087e-05
0.0402982 -0.00108251
0.0402116 9.29435e-05
0.0402116 -0.00104809
0.0401225 0.00013586
0.0401225 -0.0010134
0.0400314 0.000179038
0.0400314 -0.000978458
0.0399385 0.000222442
0.0399385 -0.000943303
0.0398433 0.000266062
0.0398433 -0.000907936
0.0397465 0.000309864
0.0397465 -0.000872405
0.0396476 0.00035387
0.0396476 -0.000836673
0.0395466 0.000398067
0.0395466 -0.000800758
0.0394435 0.000442446
0.0394435 -0.000764671
0.0393386 0.000487004
0.0393386 -0.000728405
0.039232 0.000531757
0.039232 -0.000691942
0.0391235 0.000576716
0.0391235 -0.000655272
0.0390133 0.000621897
0.0390133 -0.00061838
0.0389013 0.00066732
0.0389013 -0.000581243
0.0387877 0.000712988
0.0387877 -0.000543854
0.0386723 0.000758967
0.0386723 -0.000506142
0.038555 0.000805277
0.038555 -0.000468092
0.0384359 0.000851939
0.0384359 -0.000429664
0.0383151 0.000899021
0.0383151 -0.000390816
0.0381925 0.000946571
0.0381925 -0.000351488
0.0380683 0.000994616
0.0380683 -0.000311653
0.0379422 0.00104322
0.0379422 -0.000271248
0.0378148 0.00109243
0.0378148 -0.00023023
0.0376856 0.00114228
0.0376856 -0.000188562
0.0375548 0.00119279
0.0375548 -0.000146186
0.0374223 0.00124411
0.0374223 -0.000102995
0.0372877 0.00129629
0.0372877 -5.89301e-05
0.0371509 0.00134936
0.0371509 -1.39597e-05
0.0370126 0.00140338
0.0370126 3.19523e-05
0.0368728 0.00145841
0.0368728 7.88778e-05
0.0367315 0.0015145
0.0367315 0.000126867
0.0365883 0.00157173
0.0365883 0.000175976
0.0364435 0.00163015
0.0364435 0.000226253
0.0362972 0.00168977
0.0362972 0.000277711
0.0361488 0.00175068
0.0361488 0.000330469
0.0359983 0.00181294
0.0359983 0.00038458
0.0358458 0.00187653
0.0358458 0.00044002
0.0356916 0.0019415
0.0356916 0.000496864
0.0355353 0.00200791
0.0355353 0.000555174
0.0353772 0.00207577
0.0353772 0.000614994
0.0352168 0.00214514
0.0352168 0.000676348
0.0350542 0.00221602
0.0350542 0.00073925
0.0348895 0.00228844
0.0348895 0.000803719
0.034723 0.00236242
0.034723 0.000869777
0.0345546 0.00243795
0.0345546 0.000937439
0.034384 0.00251507
0.034384 0.00100671
0.0342113 0.00259379
0.0342113 0.0010776
0.0340363 0.0026741
0.0340363 0.00115011
0.0338584 0.00275608
0.0338584 0.00122428
0.033679 0.0028396
0.033679 0.00130001
0.0334968 0.00292474
0.0334968 0.00137737
0.0333139 0.00301138
0.0333139 0.00145624
0.0331281 0.00309961
0.0331281 0.00153669
0.0329403 0.00318928
0.0329403 0.00161851
0.0327504 0.00328027
0.0327504 0.00170197
0.0325592 0.00337276
0.0325592 0.00178708
0.0323617 0.00346674
0.0323617 0.00187374
0.0321632 0.00356208
0.0321632 0.00196178
0.0319621 0.00365876
0.0319621 0.00205114
0.0317605 0.0037567
0.0317605 0.00214174
0.0315576 0.00385589
0.0315576 0.00223365
0.0313523 0.00395632
0.0313523 0.00232682
0.0311447 0.00405792
0.0311447 0.00242113
0.0309341 0.00416073
0.0309341 0.00251662
0.0307216 0.00426463
0.0307216 0.0026132
0.0305064 0.00436959
0.0305064 0.00271086
0.0302891 0.00447554
0.0302891 0.00280952
0.03007 0.00458247
0.03007 0.00290909
0.0298492 0.00469025
0.0298492 0.00300952
0.0296264 0.00479892
0.0296264 0.00311082
0.0294007 0.00490849
0.0294007 0.00321303
0.0291724 0.00501891
0.0291724 0.00331604
0.0289418 0.00513013
0.0289418 0.00341978
0.0287096 0.00524207
0.0287096 0.00352416
0.0284757 0.00535472
0.0284757 0.00362924
0.0282405 0.005468
0.0282405 0.00373494
0.0280026 0.00558197
0.0280026 0.00384134
0.0277629 0.0056966
0.0277629 0.00394833
0.0275201 0.00581188
0.0275201 0.00405595
0.0272746 0.00592781
0.0272746 0.00416423
0.0270275 0.00604432
0.0270275 0.00427306
0.0267781 0.00616145
0.0267781 0.00438253
0.0265271 0.00627918
0.0265271 0.00449255
0.0262741 0.00639748
0.0262741 0.00460317
0.0260187 0.00651644
0.0260187 0.00471444
0.0257606 0.0066361
0.0257606 0.00482642
0.0255008 0.00675634
0.0255008 0.00493891
0.0252383 0.00687689
0.0252383 0.00505234
0.0249711 0.00699839
0.0249711 0.00516699
0.0246993 0.00712071
0.0246993 0.00528258
0.0244246 0.00724382
0.0244246 0.00539887
0.0241505 0.00736761
0.0241505 0.00551567
0.0238791 0.00749202
0.0238791 0.005633
0.0236099 0.00761629
0.0236099 0.00575099
0.0233281 0.00774188
0.0233281 0.00587201
0.0230274 0.00786719
0.0230274 0.00599619
0.0227044 0.00799272
0.0227044 0.00612336
0.0223636 0.00811902
0.0223636 0.00625328
0.0220153 0.00824544
0.0220153 0.00638555
0.0216685 0.00837151
0.0216685 0.00651978
0.0213253 0.00849709
0.0213253 0.0066556
0.0209849 0.00862228
0.0209849 0.00679262
0.0206446 0.00874731
0.0206446 0.00693051
0.020303 0.00887203
0.020303 0.00706891
0.0199594 0.00899653
0.0199594 0.00720746
0.0196132 0.00912061
0.0196132 0.00734576
0.019264 0.00924441
0.019264 0.00748351
0.0189122 0.00936791
0.0189122 0.00762062
0.0185601 0.00949077
0.0185601 0.00775666
0.0182111 0.00961271
0.0182111 0.00789134
0.0178689 0.00973339
0.0178689 0.00802452
0.0175359 0.00985261
0.0175359 0.00815601
0.0172123 0.00997024
0.0172123 0.0082855
0.0168969 0.0100862
0.0168969 0.00841303
0.0165855 0.0102004
0.0165855 0.00853871
0.0162776 0.0103129
0.0162776 0.0086627
0.0159719 0.0104236
0.0159719 0.00878523
0.0156677 0.0105325
0.0156677 0.00890645
0.0153647 0.0106394
0.0153647 0.00902657
0.015062 0.0107448
0.015062 0.00914622
0.0147605 0.0108479
0.0147605 0.00926638
0.0144516 0.0109506
0.0144516 0.00938462
0.0141264 0.0110537
0.0141264 0.00950107
0.0137752 0.0111575
0.0137752 0.00962234
0.0134012 0.0112622
0.0134012 0.0097386
0.0130121 0.0113671
0.0130121 0.00985531
0.012617 0.0114724
0.012617 0.00997241
0.0122204 0.0115779
0.0122204 0.0100895
0.0118225 0.0116837
0.0118225 0.0102064
0.0114229 0.0117897
0.0114229 0.0103231
0.0110227 0.0118957
0.0110227 0.0104396
0.010623 0.0120015
0.010623 0.0105558
0.0102245 0.0121069
0.0102245 0.0106715
0.00982681 0.012212
0.00982681 0.0107866
0.00943011 0.0123166
0.00943011 0.0109009
0.00903553 0.0124211
0.00903553 0.0110143
0.00864576 0.0125266
0.00864576 0.0111263
0.00826039 0.0126299
0.00826039 0.0112374
0.00787663 0.012732
0.00787663 0.0113475
0.00749193 0.0128332
0.00749193 0.0114567
0.00710389 0.0129333
0.00710389 0.011565
0.00671215 0.0130321
0.00671215 0.0116725
0.00631678 0.0131319
0.00631678 0.011779
0.00592154 0.0132321
0.00592154 0.0118844
0.00552751 0.0133294
0.00552751 0.0119891
0.00513375 0.0134259
0.00513375 0.0120929
0.00473964 0.0135216
0.00473964 0.0121959
0.00434314 0.0136163
0.00434314 0.0122981
0.00394397 0.0137104
0.00394397 0.0123996
0.00354338 0.0138039
0.00354338 0.0125002
0.00314289 0.0138965
0.00314289 0.0126002
0.00274323 0.0139883
0.00274323 0.0126996
0.0023453 0.0140791
0.0023453 0.0127982
0.00194899 0.0141691
0.00194899 0.0128959
0.00155414 0.0142582
0.00155414 0.0129927
0.00116043 0.0143463
0.00116043 0.0130886
0.000767627 0.0144335
0.000767627 0.0131835
0.000376294 0.0145196
0.000376294 0.0132778
-1.31458e-05 0.0146046
-1.31458e-05 0.0133711
-0.000402503 0.0146889
-0.000402503 0.0134619
-0.000792202 0.014772
-0.000792202 0.0135526
-0.00118213 0.0148541
-0.00118213 0.0136434
-0.00157171 0.0149354
-0.00157171 0.0137307
-0.00196083 0.0150154
-0.00196083 0.0138192
-0.00235139 0.0150945
-0.00235139 0.0139065
-0.002744 0.0151727
-0.002744 0.0139928
-0.00313906 0.0152501
-0.00313906 0.014078
-0.00353607 0.0153266
-0.00353607 0.0141623
-0.00393446 0.0154023
-0.00393446 0.0142457
-0.004334 0.0154771
-0.004334 0.014328
-0.00473315 0.015551
-0.00473315 0.0144114
-0.00513464 0.0156243
-0.00513464 0.0144912
-0.00553577 0.0156967
-0.00553577 0.0145702
-0.00593733 0.0157684
-0.00593733 0.0146482
-0.00633966 0.0158391
-0.00633966 0.0147254
-0.00674251 0.0159091
-0.00674251 0.0148016
-0.00714538 0.0159781
-0.00714538 0.0148769
-0.00754799 0.0160462
-0.00754799 0.0149512
-0.00794996 0.0161135
-0.00794996 0.0150246
-0.00835119 0.0161799
-0.00835119 0.015097
-0.00875159 0.0162453
-0.00875159 0.0151684
-0.00915075 0.0163097
-0.00915075 0.0152387
-0.00954828 0.0163731
-0.00954828 0.015308
-0.00994463 0.0164354
-0.00994463 0.0153762
-0.0103395 0.0164968
-0.0103395 0.0154433
-0.0107328 0.016557
-0.0107328 0.0155093
-0.0111246 0.0166162
-0.0111246 0.0155742
-0.011515 0.0166743
-0.011515 0.0156379
-0.0119039 0.0167313
-0.0119039 0.0157004
-0.0122911 0.0167871
-0.0122911 0.0157618
-0.0126768 0.0168419
-0.0126768 0.015822
-0.013061 0.0168955
-0.013061 0.0158811
-0.0134437 0.016948
-0.0134437 0.0159389
-0.0138248 0.0169993
-0.0138248 0.0159956
-0.0142043 0.0170495
-0.0142043 0.0160511
-0.014582 0.0170986
-0.014582 0.0161054
-0.0149582 0.0171466
-0.0149582 0.0161586
-0.0153327 0.0171934
-0.0153327 0.0162106
-0.0157046 0.017239
-0.0157046 0.0162614
-0.0160759 0.0172835
-0.0160759 0.016311
-0.0164455 0.0173269
-0.0164455 0.0163594
-0.0168132 0.0173692
-0.0168132 0.0164067
-0.0171792 0.0174103
-0.0171792 0.0164528
-0.0175445 0.0174504
-0.0175445 0.0164978
-0.0179075 0.0174892
-0.0179075 0.0165416
-0.0182684 0.017527
-0.0182684 0.0165843
-0.0186281 0.0175636
-0.0186281 0.0166258
-0.0189865 0.017599
-0.0189865 0.0166662
-0.0193429 0.0176332
-0.0193429 0.0167055
-0.0196979 0.0176665
-0.0196979 0.0167436
-0.0200511 0.0176986
-0.0200511 0.0167805
-0.0204027 0.0177295
-0.0204027 0.0168163
-0.0207528 0.0177592
-0.0207528 0.0168509
-0.0211016 0.0177879
-0.0211016 0.0168843
-0.0214488 0.0178153
-0.0214488 0.0169166
-0.0217945 0.0178416
-0.0217945 0.0169478
-0.0221391 0.0178667
-0.0221391 0.0169778
-0.0224825 0.0178907
-0.0224825 0.0170068
-0.0228244 0.0179136
-0.0228244 0.0170348
-0.0231647 0.0179353
-0.0231647 0.0170616
-0.0235029 0.017956
-0.0235029 0.0170875
-0.0238388 0.0179755
-0.0238388 0.0171122
-0.0241723 0.0179939
-0.0241723 0.0171359
-0.0245028 0.0180113
-0.0245028 0.0171584
-0.0248307 0.0180275
-0.0248307 0.0171798
-0.0251555 0.0180427
-0.0251555 0.0172001
-0.0254774 0.0180566
-0.0254774 0.0172192
-0.0257968 0.0180695
-0.0257968 0.017237
-0.0261139 0.0180812
-0.0261139 0.0172537
-0.0264284 0.0180917
-0.0264284 0.0172692
-0.0267404 0.0181011
-0.0267404 0.0172835
-0.0270504 0.0181092
-0.0270504 0.0172967
-0.0273582 0.0181162
-0.0273582 0.0173085
-0.0276636 0.018122
-0.0276636 0.0173191
-0.0279664 0.0181267
-0.0279664 0.0173287
-0.0282669 0.0181302
-0.0282669 0.017337
-0.0285649 0.0181325
-0.0285649 0.017344
-0.0288606 0.0181337
-0.0288606 0.0173499
-0.0291538 0.0181337
-0.0291538 0.0173548
-0.0294441 0.0181326
-0.0294441 0.0173587
-0.0297322 0.0181303
-0.0297322 0.017361
-0.0300171 0.0181269
-0.0300171 0.0173625
-0.0302992 0.0181225
-0.0302992 0.0173625
-0.0305782 0.0181169
-0.0305782 0.0173615
-0.0308536 0.01811
-0.0308536 0.0173615
-0.0311273 0.0181019
-0.0311273 0.0173575
-0.0313976 0.0180929
-0.0313976 0.0173536
-0.0316649 0.0180829
-0.0316649 0.0173484
-0.0319279 0.0180718
-0.0319279 0.0173418
-0.0321867 0.0180597
-0.0321867 0.0173342
-0.0324422 0.0180465
-0.0324422 0.0173253
-0.0326951 0.0180321
-0.0326951 0.0173153
-0.0329456 0.0180172
-0.0329456 0.0173039
-0.0331945 0.0180008
-0.0331945 0.0172912
-0.0334416 0.0179834
-0.0334416 0.0172774
-0.0336875 0.0179651
-0.0336875 0.0172625
-0.0339322 0.0179459
-0.0339322 0.0172465
-0.0341747 0.0179258
-0.0341747 0.0172295
-0.0344147 0.0179049
-0.0344147 0.0172116
-0.0346517 0.0178832
-0.0346517 0.0171929
-0.0348846 0.0178608
-0.0348846 0.0171735
-0.0351133 0.0178377
-0.0351133 0.0171534
-0.0353371 0.017814
-0.0353371 0.0171327
-0.0355562 0.0177898
-0.0355562 0.0171113
-0.0357703 0.017765
-0.0357703 0.0170894
-0.0359797 0.0177397
-0.0359797 0.017067
-0.0361843 0.017714
-0.0361843 0.017044
-0.0363831 0.0176879
-0.0363831 0.0170207
-0.0365769 0.0176614
-0.0365769 0.0169969
-0.0367655 0.0176346
-0.0367655 0.0169727
-0.0369486 0.0176075
-0.0369486 0.0169483
-0.0371263 0.0175802
-0.0371263 0.0169235
-0.0372988 0.0175526
-0.0372988 0.0168985
-0.0374659 0.0175249
-0.0374659 0.0168733
-0.0376281 0.0174969
-0.0376281 0.0168479
-0.0377852 0.0174689
-0.0377852 0.0168223
-0.037938 0.0174407
-0.037938 0.0167966
-0.0380865 0.0174125
-0.0380865 0.0167708
-0.0382311 0.0173842
-0.0382311 0.016745
-0.0383719 0.0173559
-0.0383719 0.0167191
-0.0385091 0.0173276
-0.0385091 0.0166932
-0.0386434 0.0172994
-0.0386434 0.0166673
-0.0387749 0.0172712
-0.0387749 0.0166415
-0.038904 0.0172431
-0.038904 0.0166157
-0.0390306 0.0172151
-0.0390306 0.0165901
-0.039155 0.0171872
-0.039155 0.0165645
-0.0392771 0.0171595
-0.0392771 0.0165391
-0.0393977 0.0171318
-0.0393977 0.0165137
-0.0395164 0.0171043
-0.0395164 0.0164884
-0.0396342 0.0170769
-0.0396342 0.0164632
-0.0397522 0.0170496
-0.0397522 0.0164382
-0.0398663 0.0170224
-0.0398663 0.0164131
-0.0399811 0.0169952
-0.0399811 0.0163883
-0.0400941 0.0169681
-0.0400941 0.0163634
-0.0402062 0.0169409
-0.0402062 0.0163386
-0.0403173 0.0169138
-0.0403173 0.0163136
-0.0404271 0.0168865
-0.0404271 0.0162887
-0.0405354 0.0168592
-0.0405354 0.0162636
-0.0406423 0.0168317
-0.0406423 0.0162383
-0.040748 0.0168039
-0.040748 0.0162127
-0.040853 0.0167759
-0.040853 0.0161871
-0.0409566 0.0167474
-0.0409566 0.0161609
-0.0410593 0.0167185
-0.0410593 0.0161342
-0.0411608 0.0166892
-0.0411608 0.0161072
-0.0412617 0.0166594
-0.0412617 0.0160799
-0.0413597 0.0166289
-0.0413597 0.0160518
-0.0414556 0.0165978
-0.0414556 0.016023
-0.0415504 0.016566
-0.0415504 0.0159935
-0.0416432 0.0165334
-0.0416432 0.0159633
-0.0417348 0.0165
-0.0417348 0.0159323
-0.0418247 0.0164656
-0.0418247 0.0159003
-0.0419137 0.0164304
-0.0419137 0.0158675
-0.0419992 0.0163942
-0.0419992 0.0158337
-0.0420839 0.016357
-0.0420839 0.0157989
-0.0421667 0.0163188
-0.0421667 0.015763
-0.0422475 0.0162795
-0.0422475 0.0157261
-0.0423258 0.016239
-0.0423258 0.0156881
-0.0424024 0.0161975
-0.0424024 0.015649
-0.0424764 0.0161548
-0.0424764 0.0156088
-0.042548 0.0161109
-0.042548 0.0155673
-0.0426173 0.0160659
-0.0426173 0.0155247
-0.0426832 0.0160197
-0.0426832 0.015481
-0.0427471 0.0159723
-0.0427471 0.0154361
-0.0428079 0.0159237
-0.0428079 0.0153899
-0.0428658 0.015874
-0.0428658 0.0153426
-0.0429206 0.0158231
-0.0429206 0.0152941
-0.0429718 0.015771
-0.0429718 0.0152445
-0.0430195 0.0157178
-0.0430195 0.0151937
-0.0430638 0.0156634
-0.0430638 0.0151418
-0.0431048 0.0156079
-0.0431048 0.0150888
-0.0431423 0.0155514
-0.0431423 0.0150346
-0.0431762 0.0154937
-0.0431762 0.0149795
-0.0432064 0.015435
-0.0432064 0.0149233
-0.0432331 0.0153753
-0.0432331 0.0148661
-0.0432561 0.0153147
-0.0432561 0.0148079
-0.0432755 0.0152531
-0.0432755 0.0147489
-0.0432905 0.0151906
-0.0432905 0.0146889
-0.0433023 0.0151272
-0.0433023 0.0146281
-0.0433104 0.015063
-0.0433104 0.0145664
-0.043315 0.014998
-0.043315 0.0145039
-0.0433163 0.0149322
-0.0433163 0.0144407
-0.0433138 0.0148662
-0.0433138 0.0143767
-0.0433093 0.014799
-0.0433093 0.0143118
-0.043302 0.0147314
-0.043302 0.0142462
-0.0432918 0.0146634
-0.0432918 0.0141803
-0.0432771 0.0145951
-0.0432771 0.014114
-0.0432563 0.0145262
-0.0432563 0.0140472
-0.0432301 0.0144567
-0.0432301 0.01398
-0.0432002 0.0143865
-0.0432002 0.0139122
-0.0431687 0.0143157
-0.0431687 0.013844
-0.0431358 0.0142443
-0.0431358 0.0137752
-0.0431026 0.0141724
-0.0431026 0.013706
-0.0430683 0.0141001
-0.0430683 0.0136364
-0.0430317 0.0140276
-0.0430317 0.0135666
-0.0429919 0.0139548
-0.0429919 0.0134965
-0.0429491 0.0138816
-0.0429491 0.013426
-0.0429028 0.013808
-0.0429028 0.0133551
-0.0428543 0.0137341
-0.0428543 0.0132837
-0.0428041 0.0136597
-0.0428041 0.0132119
-0.0427528 0.0135849
-0.0427528 0.0131396
-0.0427007 0.0135096
-0.0427007 0.013067
-0.0426483 0.0134339
-0.0426483 0.0129942
-0.0425938 0.0133577
-0.0425938 0.012921
-0.0425383 0.013281
-0.0425383 0.0128472
-0.0424811 0.0132039
-0.0424811 0.012773
-0.0424216 0.0131263
-0.0424216 0.0126985
-0.0423606 0.0130482
-0.0423606 0.0126234
-0.0422966 0.0129695
-0.0422966 0.0125478
-0.0422318 0.0128902
-0.0422318 0.0124715
-0.0421657 0.0128103
-0.0421657 0.0123945
-0.0420994 0.0127298
-0.0420994 0.0123169
-0.0420316 0.0126486
-0.0420316 0.0122386
-0.0419631 0.0125667
-0.0419631 0.0121598
-0.0418928 0.012484
-0.0418928 0.01208
-0.0418209 0.0124005
-0.0418209 0.0119994
-0.0417471 0.0123161
-0.0417471 0.011918
-0.0416717 0.0122309
-0.0416717 0.0118358
-0.0415932 0.0121446
-0.0415932 0.0117526
-0.0415138 0.0120574
-0.0415138 0.0116684
-0.041433 0.0119695
-0.041433 0.0115832
-0.0413509 0.0118806
-0.0413509 0.0114968
-0.0412675 0.0117907
-0.0412675 0.0114093
-0.0411823 0.0116998
-0.0411823 0.0113206
-0.0410952 0.0116081
-0.0410952 0.0112308
-0.041006 0.0115155
-0.041006 0.0111396
-0.0409147 0.0114219
-0.0409147 0.0110473
-0.0408204 0.0113273
-0.0408204 0.0109539
-0.0407231 0.0112318
-0.0407231 0.0108592
-0.0406223 0.0111352
-0.0406223 0.0107635
-0.0405183 0.0110374
-0.0405183 0.0106665
-0.0404114 0.0109385
-0.0404114 0.0105683
-0.040302 0.0108385
-0.040302 0.0104689
-0.0401904 0.0107374
-0.0401904 0.0103683
-0.0400763 0.0106352
-0.0400763 0.0102665
-0.0399591 0.0105323
-0.0399591 0.0101637
-0.0398392 0.0104282
-0.0398392 0.0100598
-0.0397174 0.0103228
-0.0397174 0.00995496
-0.0395938 0.0102168
-0.0395938 0.00984999
-0.039471 0.0101097
-0.039471 0.0097437
-0.03935 0.0100017
-0.03935 0.00963712
-0.0392301 0.00989369
-0.0392301 0.0095306
-0.0391081 0.00978578
-0.0391081 0.00942432
-0.0389795 0.00967816
-0.0389795 0.00931827
-0.0388407 0.00957087
-0.0388407 0.00921249
-0.0386911 0.0094639
-0.0386911 0.0091071
-0.0385278 0.00935716
-0.0385278 0.00900196
-0.0383517 0.00925059
-0.0383517 0.00889707
-0.0381631 0.00914416
-0.0381631 0.00879233
-0.037961 0.00903775
-0.037961 0.00868758
-0.0377527 0.00893136
-0.0377527 0.00858291
-0.037537 0.0088249
-0.037537 0.00847822
-0.0373152 0.00871833
-0.0373152 0.00837347
-0.0370855 0.00861152
-0.0370855 0.00826851
-0.0368574 0.00850454
-0.0368574 0.0081634
-0.036629 0.0083974
-0.036629 0.00805815
-0.0364016 0.00829011
-0.0364016 0.00795279
-0.0361767 0.00818274
-0.0361767 0.00784738
-0.0359552 0.00807537
-0.0359552 0.007742
-0.0357377 0.00796811
-0.0357377 0.00763677
-0.035525 0.00786109
-0.035525 0.00753169
-0.0353159 0.00775441
-0.0353159 0.00742708
-0.0351102 0.00764818
-0.0351102 0.00732303
-0.0349082 0.00754245
-0.0349082 0.0072194
-0.0347088 0.00743736
-0.0347088 0.00711631
-0.0345114 0.00733294
-0.0345114 0.00701405
-0.0343154 0.0072292
-0.0343154 0.00691226
-0.0341196 0.00712617
-0.0341196 0.00681143
-0.0339237 0.00702382
-0.0339237 0.00671117
-0.0337271 0.00692213
-0.0337271 0.00661143
-0.0335289 0.00682111
-0.0335289 0.00651254
-0.0333286 0.00672063
-0.0333286 0.00641417
-0.0331255 0.00662068
-0.0331255 0.00631628
-0.0329194 0.00652118
-0.0329194 0.00621894
-0.0327105 0.00642204
-0.0327105 0.00612182
-0.0324984 0.00632324
-0.0324984 0.00602512
-0.0322834 0.00622467
-0.0322834 0.00592868
-0.0320657 0.00612632
-0.0320657 0.00583241
-0.0318452 0.00602815
-0.0318452 0.00573646
-0.0316224 0.00593011
-0.0316224 0.00564057
-0.0313974 0.00583221
-0.0313974 0.00554485
-0.0311704 0.00573449
-0.0311704 0.00544925
-0.030941 0.00563695
-0.030941 0.00535385
-0.030709 0.00553957
-0.030709 0.00525868
-0.0304739 0.00544239
-0.0304739 0.0051637
-0.0302361 0.00534542
-0.0302361 0.00506891
-0.0299956 0.00524867
-0.0299956 0.00497441
-0.0297528 0.00515217
-0.0297528 0.00488003
-0.0295074 0.00505594
-0.0295074 0.00478615
-0.0292595 0.00495998
-0.0292595 0.00469236
-0.0290085 0.00486432
-0.0290085 0.00459905
-0.0287548 0.00476897
-0.0287548 0.00450601
-0.0284982 0.00467396
-0.0284982 0.00441328
-0.0282391 0.00457927
-0.0282391 0.004321
-0.0279776 0.00448491
-0.0279776 0.00422894
-0.0277137 0.0043909
-0.0277137 0.00413742
-0.0274482 0.00429725
-0.0274482 0.00404612
-0.0271808 0.00420398
-0.0271808 0.00395535
-0.0269123 0.00411108
-0.0269123 0.00386483
-0.0266428 0.00401861
-0.0266428 0.00377475
-0.0263728 0.00392658
-0.0263728 0.00368503
-0.0261024 0.00383504
-0.0261024 0.00359569
-0.025832 0.003744
-0.025832 0.00350672
-0.0255615 0.00365349
-0.0255615 0.00341811
-0.0252915 0.00356355
-0.0252915 0.00332977
-0.0250214 0.00347404
-0.0250214 0.00324334
-0.024752 0.00338521
-0.024752 0.00315632
-0.0244834 0.00329701
-0.0244834 0.00306975
-0.0242157 0.00320954
-0.0242157 0.00298286
-0.0239485 0.00312263
-0.0239485 0.00289762
-0.0236805 0.00303645
-0.0236805 0.00281203
-0.0234126 0.00295074
-0.0234126 0.00272853
-0.0231461 0.00286574
-0.0231461 0.00264571
-0.0228798 0.00278147
-0.0228798 0.00256345
-0.0226146 0.00269788
-0.0226146 0.00248196
-0.0223504 0.00261498
-0.0223504 0.00240122
-0.0220863 0.00253276
-0.0220863 0.00232119
-0.0218223 0.00245126
-0.0218223 0.00224193
-0.0215577 0.00237046
-0.0215577 0.0021633
-0.0212921 0.00229035
-0.0212921 0.0020854
-0.0210259 0.00221091
-0.0210259 0.00200813
-0.0207592 0.00213213
-0.0207592 0.00193155
-0.0204916 0.00205399
-0.0204916 0.00185566
-0.0202231 0.00197649
-0.0202231 0.00178042
-0.019954 0.00189964
-0.019954 0.00170579
-0.0196821 0.00182338
-0.0196821 0.00163172
-0.019411 0.00174776
-0.019411 0.00155819
-0.0191386 0.00167276
-0.0191386 0.00148513
-0.0188643 0.00159835
-0.0188643 0.0014126
-0.0185908 0.00152457
-0.0185908 0.00134064
-0.0183159 0.00145138
-0.0183159 0.00126936
-0.0180401 0.0013788
-0.0180401 0.00119862
-0.0177638 0.00130684
-0.0177638 0.0011285
-0.0174868 0.00123548
-0.0174868 0.00105907
-0.01721 0.00116481
-0.01721 0.000989765
-0.0169334 0.00109479
-0.0169334 0.000921356
-0.0166567 0.00102542
-0.0166567 0.000853798
-0.0163801 0.000956727
-0.0163801 0.000786959
-0.0161037 0.000888738
-0.0161037 0.000720723
-0.0158273 0.000821486
-0.0158273 0.000655197
-0.0155516 0.000754945
-0.0155516 0.000590327
-0.015276 0.000689135
-0.015276 0.0005262
-0.0150007 0.000624063
-0.0150007 0.000462816
-0.0147256 0.000559697
-0.0147256 0.000400243
-0.0144511 0.000496092
-0.0144511 0.000338395
-0.0141771 0.000433255
-0.0141771 0.000277271
-0.0139019 0.000370645
-0.0139019 0.000219595
-0.0136292 0.00030934
-0.0136292 0.000158922
-0.0133565 0.000248833
-0.0133565 9.90595e-05
-0.0130847 0.000189153
-0.0130847 3.99469e-05
-0.0128146 0.000130233
-0.0128146 -1.8374e-05
-0.0125457 7.2129e-05
-0.0125457 -7.57781e-05
-0.012278 1.47897e-05
-0.012278 -0.000132391
-0.0120115 -4.17269e-05
-0.0120115 -0.000188177
-0.011746 -9.74026e-05
-0.011746 -0.000243159
-0.0114813 -0.000152252
-0.0114813 -0.000297298
-0.0112175 -0.000206292
-0.0112175 -0.0003506
-0.0109554 -0.000259528
-0.0109554 -0.000403056
-0.0106934 -0.000311898
-0.0106934 -0.000454668
-0.010432 -0.000363474
-0.010432 -0.000505443
-0.0101721 -0.000414224
-0.0101721 -0.000555402
-0.00991215 -0.000464152
-0.00991215 -0.000604572
-0.00965323 -0.000513184
-0.00965323 -0.000652862
-0.00939492 -0.000561398
-0.00939492 -0.000700334
-0.00913757 -0.000608887
-0.00913757 -0.00074697
-0.00888086 -0.000655547
-0.00888086 -0.000792816
-0.00862485 -0.000701404
-0.00862485 -0.000837859
-0.0083676 -0.000746412
-0.0083676 -0.000882126
-0.0081138 -0.000790654
-0.0081138 -0.000925503
-0.0078607 -0.000834078
-0.0078607 -0.00096812
-0.00760851 -0.00087675
-0.00760851 -0.0010099
-0.00735767 -0.000918581
-0.00735767 -0.00105087
-0.00710758 -0.0009595
-0.00710758 -0.00109104
-0.00685501 -0.000999744
-0.00685501 -0.00113041
-0.00660737 -0.00103911
-0.00660737 -0.00116903
-0.00636089 -0.00107762
-0.00636089 -0.00120683
-0.00611408 -0.00111532
-0.00611408 -0.00124385
-0.00586992 -0.00115218
-0.00586992 -0.00128001
-0.00562611 -0.00118819
-0.00562611 -0.00131536
-0.00538403 -0.00122339
-0.00538403 -0.00134983
-0.00514325 -0.00125775
-0.00514325 -0.00138349
-0.00490388 -0.0012912
-0.00490388 -0.00141639
-0.00466536 -0.00132386
-0.00466536 -0.0014484
-0.00442809 -0.0013557
-0.00442809 -0.00147954
-0.00419242 -0.00138671
-0.00419242 -0.00150986
-0.00395822 -0.00141682
-0.00395822 -0.00153936
-0.0037254 -0.00144608
-0.0037254 -0.00156802
-0.00349413 -0.00147451
-0.00349413 -0.00159582
-0.00326421 -0.00150217
-0.00326421 -0.00162276
-0.00303611 -0.00152896
-0.00303611 -0.00164884
-0.00280939 -0.00155487
-0.00280939 -0.00167409
-0.00258225 -0.00157992
-0.00258225 -0.00169853
-0.0023585 -0.00160411
-0.0023585 -0.00172212
-0.00213645 -0.00162745
-0.00213645 -0.00174487
-0.00191636 -0.00164995
-0.00191636 -0.00176675
-0.00169777 -0.00167159
-0.00169777 -0.00178779
-0.00148084 -0.00169229
-0.00148084 -0.001808
-0.0012655 -0.00171224
-0.0012655 -0.00182736
-0.0010521 -0.00173135
-0.0010521 -0.00184585
-0.00084025 -0.00174954
-0.00084025 -0.0018635
-0.000630829 -0.00176674
-0.000630829 -0.0018803
-0.00042305 -0.0017831
-0.00042305 -0.00189627
-0.000216924 -0.00179859
-0.000216924 -0.00191144
-1.25846e-05 -0.00181342
-1.25846e-05 -0.00192572
0.000189671 -0.00182709
0.000189671 -0.00193916
0.000389872 -0.00183992
0.000389872 -0.00195173
0.000588232 -0.00185193
0.000588232 -0.00196347
0.000784861 -0.00186327
0.000784861 -0.00197435
0.000979596 -0.0018735
0.000979596 -0.00198442
0.00117252 -0.00188285
0.00117252 -0.00199365
0.00136351 -0.00189138
0.00136351 -0.00200204
0.00155263 -0.00189896
0.00155263 -0.00200962
0.00173989 -0.00190564
0.00173989 -0.00201638
0.00192541 -0.00191404
0.00192541 -0.00202215
0.00210882 -0.00191963
0.00210882 -0.00202735
0.00229083 -0.00192434
0.00229083 -0.0020317
0.0024697 -0.00192819
0.0024697 -0.00203515
0.00264535 -0.0019312
0.00264535 -0.00203767
0.00281777 -0.00193334
0.00281777 -0.00203926
0.00298771 -0.00193459
0.00298771 -0.00203997
0.00315571 -0.00193498
0.00315571 -0.00203982
0.00332178 -0.00193453
0.00332178 -0.00203881
0.00348603 -0.00193329
0.00348603 -0.00203696
0.00364934 -0.00193125
0.00364934 -0.00203429
0.00381083 -0.00192842
0.00381083 -0.00203083
0.00397141 -0.00192487
0.00397141 -0.0020266
0.00412945 -0.00192057
0.00412945 -0.0020216
0.00428564 -0.00191552
0.00428564 -0.00201584
0.00443996 -0.00190974
0.00443996 -0.00200931
0.00459257 -0.00190321
0.00459257 -0.00200207
0.00474351 -0.001896
0.00474351 -0.0019941
0.00489242 -0.00188807
0.00489242 -0.00198538
0.00503927 -0.00187943
0.00503927 -0.00197592
0.00518371 -0.00187008
0.00518371 -0.0019657
0.00532571 -0.00185999
0.00532571 -0.00195473
0.00546526 -0.00184914
0.00546526 -0.00194303
0.00560296 -0.00183766
0.00560296 -0.00193059
0.00573816 -0.00182537
0.00573816 -0.00191742
0.00587087 -0.00181236
0.00587087 -0.00190347
0.00600081 -0.0017986
0.00600081 -0.00188874
0.00612805 -0.00178405
0.00612805 -0.00187324
0.00625262 -0.00176878
0.00625262 -0.00185698
0.00637438 -0.00175275
0.00637438 -0.00183993
0.0064939 -0.00173594
0.0064939 -0.00182213
0.00661109 -0.00171843
0.00661109 -0.00180365
0.00672663 -0.0017002
0.00672663 -0.00178443
0.00683991 -0.00168124
0.00683991 -0.00176445
0.00695127 -0.00166156
0.00695127 -0.00174372
0.00705968 -0.00164118
0.00705968 -0.00172234
0.00716549 -0.0016201
0.00716549 -0.00170022
0.00727029 -0.00159834
0.00727029 -0.00167738
0.0073727 -0.00157587
0.0073727 -0.00165389
0.00747183 -0.00155276
0.00747183 -0.00162966
0.00756853 -0.00152896
0.00756853 -0.00160476
0.00766271 -0.00150443
0.00766271 -0.00157912
0.00775425 -0.0014792
0.00775425 -0.00155276
0.00784308 -0.00145327
0.00784308 -0.00152579
0.00792943 -0.0014267
0.00792943 -0.00149807
0.00801323 -0.00139942
0.00801323 -0.00146957
0.0080945 -0.00137143
0.0080945 -0.00144039
0.00817319 -0.00134281
0.00817319 -0.00141054
0.00824935 -0.00131349
0.00824935 -0.00138004
0.00832313 -0.00128351
0.00832313 -0.00134883
0.00839466 -0.00125288
0.00839466 -0.00131693
0.00846398 -0.00122163
0.00846398 -0.00128444
0.00853107 -0.00118978
0.00853107 -0.00125127
0.00859598 -0.00115731
0.00859598 -0.00121746
0.00865854 -0.00112423
0.00865854 -0.001183
0.00871892 -0.00109057
0.00871892 -0.00114795
0.00877711 -0.00105635
0.00877711 -0.00111229
0.00883308 -0.00102154
0.00883308 -0.00107601
0.00888684 -0.000986176
0.00888684 -0.00103916
0.00893839 -0.000950263
0.00893839 -0.00100173
0.00898751 -0.000913802
0.00898751 -0.000963752
0.00903443 -0.000876795
0.00903443 -0.000925215
0.00907907 -0.00083926
0.00907907 -0.000886092
0.00912105 -0.000801156
0.00912105 -0.00084638
0.00916043 -0.000762532
0.00916043 -0.000806109
0.00919716 -0.000723358
0.00919716 -0.00076526
0.00923176 -0.000683647
0.00923176 -0.000723852
0.0092636 -0.000643407
0.0092636 -0.000681867
0.00929289 -0.000602636
0.00929289 -0.000639314
0.00931958 -0.000561332
0.00931958 -0.000596209
0.00934359 -0.000519505
0.00934359 -0.000552538
0.00936542 -0.000477161
0.00936542 -0.000508319
0.00938474 -0.000434305
0.00938474 -0.000463571
0.00940167 -0.000390953
0.00940167 -0.000418285
0.00941633 -0.000347103
0.00941633 -0.000372557
0.00942917 -0.000302802
0.00942917 -0.000326312
0.009439 -0.000258005
0.009439 -0.000279603
0.00944678 -0.000212788
0.00944678 -0.000232305
0.00945199 -0.000167078
0.00945199 -0.000184598
0.0094548 -0.000120914
0.0094548 -0.000136421
0.00945558 -7.43042e-05
0.00945558 -8.77622e-05
0.00945387 -2.72494e-05
0.00945387 -3.864e-05
0.00944982 2.02385e-05
0.00944982 1.08822e-05
0.00944325 6.81511e-05
0.00944325 6.09048e-05
0.00943429 0.000116489
0.00943429 0.000111379
0.00942311 0.000165242
0.00942311 0.000162294
0.00940952 0.000214405
0.00940952 0.000213647
0.00939344 0.000263974
0.00939344 0.000265426
0.00937505 0.000313947
0.00937505 0.00031762
0.00935434 0.000364326
0.00935434 0.000370158
0.00933156 0.000415068
0.00933156 0.000423076
0.0093063 0.000466204
0.0093063 0.000476423
0.00927891 0.000517717
0.00927891 0.000530171
0.00924947 0.000569595
0.00924947 0.000584245
0.0092172 0.000621828
0.0092172 0.000638732
0.00918275 0.000674415
0.00918275 0.000693621
0.00914601 0.000727338
0.00914601 0.000748835
0.0091071 0.000780593
0.0091071 0.000804414
0.00906525 0.000834183
0.00906525 0.000860344
0.00902173 0.000888101
0.00902173 0.000916609
0.00897619 0.00094233
0.00897619 0.000973207
0.00892854 0.000996863
0.00892854 0.00103007
0.00887943 0.00105167
0.00887943 0.00108728
0.00882776 0.00110675
0.00882776 0.00114481
0.00877405 0.00116213
0.00877405 0.00120257
0.00871816 0.00121779
0.00871816 0.00126058
0.00866025 0.00127372
0.00866025 0.00131885
0.00860045 0.00132991
0.00860045 0.00137744
0.0085386 0.00138636
0.0085386 0.00143621
0.00847481 0.00144308
0.00847481 0.00149525
0.00840886 0.00150006
0.00840886 0.00155448
0.00834088 0.00155729
0.00834088 0.00161395
0.00827065 0.00161477
0.00827065 0.00167364
0.00819829 0.00167249
0.00819829 0.00173356
0.00812397 0.00173045
0.00812397 0.00179371
0.00804736 0.00178909
0.00804736 0.00185394
0.00796941 0.00184768
0.00796941 0.00191433
0.00789031 0.00190697
0.00789031 0.00197473
0.00781076 0.00196624
0.00781076 0.00203522
0.00772976 0.00202582
0.00772976 0.00209586
0.00764713 0.00208554
0.00764713 0.00215618
0.00756094 0.0021456
0.00756094 0.0022166
0.0074701 0.00220594
0.0074701 0.00227774
0.00737496 0.00226655
0.00737496 0.00233916
0.00727624 0.00232744
0.00727624 0.00240082
0.00717504 0.00238853
0.00717504 0.00246278
0.00707216 0.0024498
0.00707216 0.00252488
0.00696712 0.00251128
0.00696712 0.00258718
0.00686115 0.0025729
0.00686115 0.00264958
0.00675407 0.00263461
0.00675407 0.00271213
0.00664543 0.00269652
0.00664543 0.00277499
0.0065365 0.0027584
0.0065365 0.00283769
0.00642659 0.00282032
0.00642659 0.0029004
0.00631593 0.00288226
0.00631593 0.00296308
0.00620382 0.00294423
0.00620382 0.00302568
0.00609028 0.00300618
0.00609028 0.00308834
0.00597506 0.00306806
0.00597506 0.00315154
0.00585945 0.0031299
0.00585945 0.00321405
0.00574241 0.00319172
0.00574241 0.00327659
0.00562367 0.00325353
0.00562367 0.00333898
0.00550273 0.00331533
0.00550273 0.00340136
0.0053796 0.00337713
0.0053796 0.00346373
0.00525434 0.00343895
0.00525434 0.00352601
0.00512734 0.00350089
0.00512734 0.00358828
0.00499913 0.00356299
0.00499913 0.00365042
0.00487037 0.00362537
0.00487037 0.00371238
0.00474227 0.00368883
0.00474227 0.00377395
0.0046154 0.00375137
0.0046154 0.00383538
0.0044864 0.00381381
0.0044864 0.00389687
0.00435279 0.00387617
0.00435279 0.00395848
0.00421283 0.00393863
0.00421283 0.00402021
0.0040676 0.00400122
0.0040676 0.00408202
0.0039193 0.0040639
0.0039193 0.0041439
0.00376931 0.00412674
0.00376931 0.00420577
0.00361847 0.00418952
0.00361847 0.00426767
0.0034671 0.00425231
0.0034671 0.00432956
0.00331523 0.00431501
0.00331523 0.0043914
0.00316308 0.00437761
0.00316308 0.00445316
0.00301054 0.00444016
0.00301054 0.0045148
0.00285948 0.00450242
0.00285948 0.00457623
0.00270539 0.00456456
0.00270539 0.0046375
0.0025518 0.00462653
0.0025518 0.0046986
0.0023975 0.00468826
0.0023975 0.00475948
0.00224235 0.00474976
0.00224235 0.00482015
0.00208634 0.00481103
0.00208634 0.00488057
0.00192952 0.00487206
0.00192952 0.00494074
0.001772 0.00493283
0.001772 0.00500066
0.00161356 0.00499335
0.00161356 0.00506034
0.00145404 0.00505364
0.00145404 0.00511976
0.00129349 0.00511366
0.00129349 0.00517894
0.00113194 0.00517426
0.00113194 0.00523778
0.000970013 0.0052344
0.000970013 0.00529631
0.000806189 0.00529375
0.000806189 0.00535472
0.000641092 0.00535288
0.000641092 0.00541292
0.000473793 0.0054118
0.000473793 0.00547095
0.000304362 0.00547056
0.000304362 0.00552879
0.000133599 0.00552924
0.000133599 0.00558642
-3.87784e-05 0.00558766
-3.87784e-05 0.00564384
-0.000212064 0.00564597
-0.000212064 0.00570103
-0.000385981 0.00570415
-0.000385981 0.005758
-0.000561016 0.00576221
-0.000561016 0.00581474
-0.000736677 0.00582009
-0.000736677 0.00587121
-0.000912874 0.00587765
-0.000912874 0.00592743
-0.00108752 0.00594288
-0.00108752 0.00598236
-0.0012563 0.00600129
-0.0012563 0.0060373
-0.00142381 0.0060592
-0.00142381 0.00609185
-0.00159288 0.00611661
-0.00159288 0.00614615
-0.00176878 0.00617361
-0.00176878 0.00620032
-0.00195183 0.00623047
-0.00195183 0.00625435
-0.0021387 0.00628721
-0.0021387 0.00630819
-0.0023261 0.00634386
-0.0023261 0.00636174
-0.00251528 0.00640019
-0.00251528 0.00641514
-0.00270486 0.00645623
-0.00270486 0.00646835
-0.00289442 0.00651196
-0.00289442 0.00652134
-0.00308339 0.00656739
-0.00308339 0.00657404
-0.00327145 0.00662246
-0.00327145 0.00662643
-0.00345886 0.00667728
-0.00345886 0.0066785
-0.00364557 0.00673157
-0.00364557 0.00673023
-0.00383169 0.00678555
-0.00383169 0.00678157
-0.00401735 0.00683916
-0.00401735 0.0068325
-0.00420248 0.00689227
-0.00420248 0.00688301
-0.00438746 0.00694497
-0.00438746 0.00693308
-0.00457208 0.00699714
-0.00457208 0.0069827
-0.00475649 0.00704884
-0.00475649 0.00703186
-0.00494109 0.00710006
-0.00494109 0.00708055
-0.00512584 0.0071508
-0.00512584 0.00712879
-0.00531099 0.00720108
-0.00531099 0.00717657
-0.00549679 0.0072509
-0.00549679 0.00722391
-0.00568348 0.00730019
-0.00568348 0.00727084
-0.00587108 0.00734913
-0.00587108 0.00731735
-0.00605938 0.00739765
-0.00605938 0.00736346
-0.00624887 0.00744578
-0.00624887 0.00740919
-0.00643929 0.00749358
-0.00643929 0.00745454
-0.00663045 0.0075409
-0.00663045 0.00749952
-0.00682217 0.00758789
-0.00682217 0.00754413
-0.00701432 0.00763436
-0.00701432 0.00758838
-0.00720667 0.00768052
-0.00720667 0.00763224
-0.00739916 0.00772619
-0.00739916 0.00767572
-0.00759199 0.00777142
-0.00759199 0.00771882
-0.00778463 0.00781628
-0.00778463 0.00776151
-0.007977 0.00786068
-0.007977 0.00780378
-0.00816868 0.00790461
-0.00816868 0.00784562
-0.00836002 0.00794807
-0.00836002 0.00788702
-0.00855081 0.00799103
-0.00855081 0.00792796
-0.00874186 0.00803356
-0.00874186 0.00796844
-0.00893308 0.00807554
-0.00893308 0.00800847
-0.00912445 0.00811706
-0.00912445 0.008048
-0.00931504 0.00815808
-0.00931504 0.00808707
-0.00950559 0.0081986
-0.00950559 0.00812566
-0.00969617 0.00823863
-0.00969617 0.00816371
-0.00988699 0.00827815
-0.00988699 0.00820126
-0.0100773 0.00831721
-0.0100773 0.00823826
-0.0102678 0.00835579
-0.0102678 0.00827471
-0.0104578 0.00839386
-0.0104578 0.00831068
-0.0106473 0.00843146
-0.0106473 0.00834583
-0.0108371 0.00846855
-0.0108371 0.00838063
-0.0110278 0.00850592
-0.0110278 0.00840901
-0.0112156 0.00854222
-0.0112156 0.00844179
-0.0114012 0.00857789
-0.0114012 0.00847401
-0.0115873 0.00861302
-0.0115873 0.00850571
-0.0117751 0.00864769
-0.0117751 0.0085369
-0.0119644 0.00868187
-0.0119644 0.00856767
-0.0121541 0.0087155
-0.0121541 0.00859805
-0.0123435 0.00874854
-0.0123435 0.00862793
-0.0125327 0.00878114
-0.0125327 0.00865729
-0.0127213 0.00881326
-0.0127213 0.00868629
-0.012909 0.00884487
-0.012909 0.00871476
-0.0130955 0.00887594
-0.0130955 0.00874282
-0.0132807 0.00890646
-0.0132807 0.0087704
-0.0134646 0.00893641
-0.0134646 0.00879747
-0.0136474 0.0089658
-0.0136474 0.00882398
-0.0138289 0.00899462
-0.0138289 0.00884998
-0.0140093 0.00902285
-0.0140093 0.0088754
-0.0141885 0.00905049
-0.0141885 0.00890025
-0.0143663 0.00907751
-0.0143663 0.00892454
-0.0145431 0.00910393
-0.0145431 0.00894825
-0.0147189 0.00912974
-0.0147189 0.0089714
-0.0148937 0.00915494
-0.0148937 0.00899402
-0.0150679 0.00917953
-0.0150679 0.00901603
-0.0152414 0.0092035
-0.0152414 0.00903742
-0.0154144 0.00922689
-0.0154144 0.00905828
-0.0155867 0.00924968
-0.0155867 0.00907854
-0.0157585 0.00927189
-0.0157585 0.00909813
-0.0159297 0.0092935
-0.0159297 0.00911723
-0.0161006 0.00931455
-0.0161006 0.00913582
-0.0162709 0.00933504
-0.0162709 0.00915386
-0.0164408 0.00935495
-0.0164408 0.00917132
-0.0166103 0.00937431
-0.0166103 0.00918829
-0.0167793 0.00939312
-0.0167793 0.00920466
-0.0169474 0.00941137
-0.0169474 0.00922054
-0.0171148 0.00942908
-0.0171148 0.00923587
-0.0172812 0.00944623
-0.0172812 0.00925064
-0.0174465 0.00946283
-0.0174465 0.00926486
-0.0176108 0.00947891
-0.0176108 0.00927853
-0.0177739 0.00949441
-0.0177739 0.00929164
-0.017936 0.00950937
-0.017936 0.00930418
-0.018097 0.00952373
-0.018097 0.00931619
-0.0182571 0.0095375
-0.0182571 0.00932757
-0.0184159 0.0095507
-0.0184159 0.00933844
-0.0185736 0.00956332
-0.0185736 0.00934869
-0.0187301 0.00957537
-0.0187301 0.00935841
-0.0188855 0.00958683
-0.0188855 0.00936755
-0.0190398 0.0095977
-0.0190398 0.00937612
-0.0191932 0.00960798
-0.0191932 0.00938411
-0.0193455 0.00961766
-0.0193455 0.00939151
-0.0194967 0.00962675
-0.0194967 0.00939835
-0.0196468 0.00963529
-0.0196468 0.00940461
-0.0197955 0.00964319
-0.0197955 0.00941041
-0.019943 0.00965054
-0.019943 0.00941554
-0.0200893 0.0096573
-0.0200893 0.00942009
-0.0202343 0.00966344
-0.0202343 0.00942406
-0.0203779 0.00966905
-0.0203779 0.00942748
-0.0205208 0.00967408
-0.0205208 0.00943032
-0.0206613 0.00967851
-0.0206613 0.00943258
-0.020801 0.00968238
-0.020801 0.00943428
-0.0209392 0.00968564
-0.0209392 0.00943541
-0.0210759 0.00968835
-0.0210759 0.00943598
-0.0212113 0.00969047
-0.0212113 0.00943596
-0.0213451 0.00969202
-0.0213451 0.00943538
-0.0214773 0.00969299
-0.0214773 0.00943422
-0.0216081 0.00969337
-0.0216081 0.00943251
-0.0217376 0.00969315
-0.0217376 0.0094302
-0.0218656 0.00969238
-0.0218656 0.00942738
-0.0219919 0.00969102
-0.0219919 0.00942403
-0.0221166 0.00968908
-0.0221166 0.00942008
-0.0222403 0.00968656
-0.0222403 0.00941555
-0.0223629 0.00968348
-0.0223629 0.0094105
-0.0224842 0.00967985
-0.0224842 0.00940491
-0.0226041 0.00967568
-0.0226041 0.00939878
-0.0227219 0.00967092
-0.0227219 0.0093921
-0.0228391 0.00966559
-0.0228391 0.00938488
-0.0229548 0.00965974
-0.0229548 0.00937714
-0.023069 0.00965335
-0.023069 0.00936886
-0.0231816 0.00964639
-0.0231816 0.00936004
-0.023293 0.00963891
-0.023293 0.0093507
-0.023403 0.00963089
-0.023403 0.00934082
-0.0235116 0.00962225
-0.0235116 0.00933044
-0.0236186 0.00961312
-0.0236186 0.00931956
-0.0237239 0.00960352
-0.0237239 0.00930816
-0.0238275 0.0095933
-0.0238275 0.00929624
-0.0239299 0.00958245
-0.0239299 0.00928383
-0.0240305 0.0095711
-0.0240305 0.0092709
-0.0241297 0.00955919
-0.0241297 0.00925747
-0.0242279 0.00954682
-0.0242279 0.00924352
-0.0243241 0.00953381
-0.0243241 0.00922907
-0.0244188 0.00952025
-0.0244188 0.00921412
-0.0245122 0.00950614
-0.0245122 0.00919868
-0.0246039 0.00949142
-0.0246039 0.00918273
-0.0246941 0.00947627
-0.0246941 0.00916629
-0.0247829 0.00946049
-0.0247829 0.00914934
-0.0248703 0.00944419
-0.0248703 0.00913191
-0.0249554 0.00942741
-0.0249554 0.00911399
-0.0250393 0.00941018
-0.0250393 0.00909557
-0.0251217 0.00939237
-0.0251217 0.00907667
-0.0252023 0.0093741
-0.0252023 0.00905729
-0.0252814 0.0093552
-0.0252814 0.00903744
-0.0253583 0.00933584
-0.0253583 0.00901712
-0.0254337 0.00931603
-0.0254337 0.00899631
-0.0255072 0.00929566
-0.0255072 0.00897502
-0.0255791 0.00927475
-0.0255791 0.00895326
-0.0256491 0.00925332
-0.0256491 0.00893105
-0.0257173 0.00923147
-0.0257173 0.00890838
-0.0257839 0.00920911
-0.0257839 0.00888521
-0.0258488 0.00918626
-0.0258488 0.00886161
-0.025912 0.00916291
-0.025912 0.00883754
-0.0259731 0.00913911
-0.0259731 0.00881301
-0.026033 0.00911481
-0.026033 0.00878805
-0.0260895 0.00908999
-0.0260895 0.00876259
-0.0261459 0.00906473
-0.0261459 0.00873672
-0.0262004 0.00903898
-0.0262004 0.00871038
-0.0262533 0.00901278
-0.0262533 0.00868362
-0.0263044 0.0089861
-0.0263044 0.00865642
-0.0263537 0.00895901
-0.0263537 0.0086288
-0.0264013 0.0089315
-0.0264013 0.00860075
-0.0264472 0.00890348
-0.0264472 0.00857229
-0.0264913 0.00887508
-0.0264913 0.0085434
-0.0265337 0.00884628
-0.0265337 0.00851411
-0.0265749 0.00881704
-0.0265749 0.00848444
-0.0266144 0.00878742
-0.0266144 0.00845433
-0.0266523 0.00875744
-0.0266523 0.00842383
-0.0266883 0.00872698
-0.0266883 0.00839296
-0.0267227 0.00869615
-0.0267227 0.00836172
-0.0267555 0.00866494
-0.0267555 0.00833009
-0.0267868 0.0086333
-0.0267868 0.00829807
-0.0268164 0.00860131
-0.0268164 0.00826572
-0.0268443 0.00856894
-0.0268443 0.00823297
-0.0268706 0.00853618
-0.0268706 0.00819987
-0.0268952 0.00850306
-0.0268952 0.0081664
-0.0269182 0.0084696
-0.0269182 0.00813264
-0.0269394 0.00843573
-0.0269394 0.00809847
-0.0269587 0.00840152
-0.0269587 0.00806399
-0.0269764 0.00836695
-0.0269764 0.00802913
-0.0269925 0.008332
-0.0269925 0.00799395
-0.0270069 0.00829669
-0.0270069 0.00795843
-0.0270195 0.00826106
-0.0270195 0.00792258
-0.0270304 0.008225
-0.0270304 0.00788637
-0.0270396 0.00818869
-0.0270396 0.00784987
-0.0270471 0.008152
-0.0270471 0.00781303
-0.0270529 0.00811496
-0.0270529 0.00777588
-0.0270569 0.00807756
-0.0270569 0.00773838
-0.0270594 0.00803989
-0.0270594 0.0077006
-0.0270603 0.00800185
-0.0270603 0.0076625
-0.0270596 0.00796346
-0.0270596 0.00762407
-0.0270571 0.00792479
-0.0270571 0.00758538
-0.027054 0.00788587
-0.027054 0.00754642
-0.0270496 0.00784661
-0.0270496 0.00750721
-0.0270425 0.0078071
-0.0270425 0.00746771
-0.0270336 0.00776728
-0.0270336 0.00742792
-0.027023 0.00772716
-0.027023 0.00738786
-0.027011 0.00768681
-0.027011 0.00734756
-0.026997 0.00764612
-0.026997 0.00730698
-0.0269819 0.00760512
-0.0269819 0.00726617
-0.0269648 0.00756393
-0.0269648 0.00722508
-0.0269456 0.00752245
-0.0269456 0.00718373
-0.0269253 0.00748069
-0.0269253 0.00714214
-0.0269031 0.00743869
-0.0269031 0.00710031
-0.0268795 0.00739643
-0.0268795 0.00705823
-0.0268544 0.00735392
-0.0268544 0.00701593
-0.0268277 0.00731117
-0.0268277 0.00697339
-0.0267996 0.00726818
-0.0267996 0.00693064
-0.0267693 0.00722495
-0.0267693 0.00688765
-0.0267381 0.00718155
-0.0267381 0.00684447
-0.0267052 0.00713796
-0.0267052 0.00680109
-0.0266706 0.00709414
-0.0266706 0.00675749
-0.0266345 0.00705011
-0.0266345 0.00671369
-0.026597 0.00700587
-0.026597 0.0066697
-0.0265581 0.00696142
-0.0265581 0.00662552
-0.0265178 0.00691684
-0.0265178 0.0065812
-0.0264761 0.00687199
-0.0264761 0.00653664
-0.0264328 0.00682701
-0.0264328 0.00649194
-0.026388 0.00678185
-0.026388 0.00644708
-0.0263418 0.00673652
-0.0263418 0.00640209
-0.026294 0.00669102
-0.026294 0.00635693
-0.0262447 0.00664534
-0.0262447 0.0063116
-0.0261938 0.00659951
-0.0261938 0.00626614
-0.026142 0.00655354
-0.026142 0.00622056
-0.0260873 0.00650739
-0.0260873 0.00617482
-0.0260326 0.00646112
-0.0260326 0.00612898
-0.0259757 0.0064147
-0.0259757 0.006083
-0.0259175 0.00636814
-0.0259175 0.0060369
-0.0258589 0.00632145
-0.0258589 0.00599071
-0.0257978 0.00627464
-0.0257978 0.00594441
-0.0257353 0.00622771
-0.0257353 0.005898
-0.0256717 0.00618065
-0.0256717 0.00585149
-0.0256067 0.00613348
-0.0256067 0.0058049
-0.0255406 0.00608622
-0.0255406 0.00575824
-0.0254728 0.00603885
-0.0254728 0.00571149
-0.025404 0.00599138
-0.025404 0.00566468
-0.0253339 0.00594383
-0.0253339 0.0056178
-0.0252624 0.00589622
-0.0252624 0.00557087
-0.0251895 0.00584855
-0.0251895 0.00552387
-0.0251148 0.00580083
-0.0251148 0.00547682
-0.0250395 0.00575303
-0.0250395 0.00542973
-0.0249626 0.00570519
-0.0249626 0.00538259
-0.0248844 0.00565725
-0.0248844 0.00533543
-0.0248051 0.00560938
-0.0248051 0.0052882
-0.0247247 0.00556137
-0.0247247 0.00524096
-0.0246431 0.00551341
-0.0246431 0.00519369
-0.0245605 0.00546542
-0.0245605 0.00514641
-0.0244753 0.00541822
-0.0244753 0.00509908
-0.0243899 0.00537003
-0.0243899 0.00505178
-0.024303 0.00532179
-0.024303 0.00500449
-0.024215 0.00527353
-0.024215 0.0049572
-0.0241267 0.0052253
-0.0241267 0.00490991
-0.0240379 0.00517712
-0.0240379 0.00486262
-0.0239481 0.005129
-0.0239481 0.00481532
-0.0238573 0.00508091
-0.0238573 0.00476808
-0.0237654 0.00503285
-0.0237654 0.00472087
-0.0236724 0.00498481
-0.0236724 0.00467374
-0.0235783 0.00493688
-0.0235783 0.00462665
-0.023483 0.00488899
-0.023483 0.00457959
-0.0233864 0.00484116
-0.0233864 0.00453256
-0.0232883 0.00479337
-0.0232883 0.0044856
-0.023189 0.00474565
-0.023189 0.00443871
-0.0230885 0.00469798
-0.0230885 0.00439193
-0.0229868 0.00465037
-0.0229868 0.00434517
-0.0228838 0.00460283
-0.0228838 0.00429844
-0.0227799 0.00455534
-0.0227799 0.0042518
-0.0226749 0.0045079
-0.0226749 0.00420521
-0.0225687 0.00446054
-0.0225687 0.00415871
-0.0224615 0.00441324
-0.0224615 0.00411226
-0.0223536 0.00436602
-0.0223536 0.00406588
-0.0222448 0.00431888
-0.0222448 0.00401957
-0.0221353 0.00427184
-0.0221353 0.00397335
-0.0220249 0.0042249
-0.0220249 0.00392722
-0.0219138 0.00417807
-0.0219138 0.00388117
-0.0218021 0.00413136
-0.0218021 0.00383523
-0.0216897 0.00408477
-0.0216897 0.00378939
-0.0215765 0.0040383
-0.0215765 0.00374374
-0.0214627 0.00399199
-0.0214627 0.00369815
-0.0213485 0.00394579
-0.0213485 0.00365267
-0.0212336 0.00389979
-0.0212336 0.00360734
-0.0211193 0.00385397
-0.0211193 0.00356217
-0.0210037 0.00380832
-0.0210037 0.00351718
-0.0208861 0.0037628
-0.0208861 0.00347236
-0.0207685 0.00371747
-0.0207685 0.00342766
-0.0206501 0.00367231
-0.0206501 0.00338314
-0.0205311 0.00362732
-0.0205311 0.00333876
-0.0204113 0.00358251
-0.0204113 0.00329454
-0.0202909 0.00353793
-0.0202909 0.0032505
-0.02017 0.00349345
-0.02017 0.00320662
-0.0200484 0.00344919
-0.0200484 0.0031629
-0.019926 0.00340512
-0.019926 0.00311938
-0.0198031 0.00336123
-0.0198031 0.003076
-0.0196801 0.00331757
-0.0196801 0.00303288
-0.0195565 0.00327409
-0.0195565 0.00298994
-0.0194321 0.00323081
-0.0194321 0.00294717
-0.0193069 0.00318773
-0.0193069 0.00290461
-0.0191805 0.00314484
-0.0191805 0.00286222
-0.0190543 0.00310216
-0.0190543 0.00282001
-0.0189274 0.00305969
-0.0189274 0.00277803
-0.0187999 0.00301744
-0.0187999 0.00273625
-0.018672 0.00297539
-0.018672 0.00269468
-0.0185436 0.00293355
-0.0185436 0.00265334
-0.0184148 0.00289194
-0.0184148 0.00261222
-0.0182858 0.00285057
-0.0182858 0.00257131
-0.0181562 0.00280944
-0.0181562 0.00253068
-0.0180258 0.00276854
-0.0180258 0.00249022
-0.017895 0.00272787
-0.017895 0.00245
-0.0177641 0.00268745
-0.0177641 0.00241005
-0.0176333 0.00264729
-0.0176333 0.00237028
-0.0175021 0.00260737
-0.0175021 0.00233081
-0.0173707 0.00256772
-0.0173707 0.00229159
-0.0172381 0.00252832
-0.0172381 0.00225265
-0.0171062 0.0024892
-0.0171062 0.00221394
-0.0169729 0.00245033
-0.0169729 0.00217545
-0.0168403 0.00241173
-0.0168403 0.00213725
-0.0167073 0.00237342
-0.0167073 0.00209934
-0.0165743 0.00233539
-0.0165743 0.00206167
-0.016441 0.00229765
-0.016441 0.00202427
-0.0163074 0.00226019
-0.0163074 0.0019872
-0.0161739 0.00222302
-0.0161739 0.00195038
-0.0160404 0.00218616
-0.0160404 0.00191385
-0.0159068 0.00214959
-0.0159068 0.0018776
-0.0157726 0.00211333
-0.0157726 0.00184166
-0.0156383 0.00207734
-0.0156383 0.00180601
-0.0155041 0.00204168
-0.0155041 0.00177064
-0.0153698 0.00200632
-0.0153698 0.00173556
-0.0152357 0.00197129
-0.0152357 0.00170076
-0.0151011 0.00193657
-0.0151011 0.00166628
-0.0149666 0.00190216
-0.0149666 0.00163211
-0.0148322 0.00186808
-0.0148322 0.0015983
-0.0146979 0.00183432
-0.0146979 0.00156474
-0.0145636 0.00180089
-0.0145636 0.00153152
-0.0144294 0.0017678
-0.0144294 0.00149861
-0.014295 0.00173503
-0.014295 0.00146601
-0.0141605 0.00170259
-0.0141605 0.00143373
-0.0140269 0.00167053
-0.0140269 0.00140174
-0.0138938 0.0016388
-0.0138938 0.00137012
-0.0137604 0.00160741
-0.0137604 0.00133889
-0.0136255 0.00157634
-0.0136255 0.00130796
-0.0134916 0.00154562
-0.0134916 0.0012774
-0.0133576 0.0015152
-0.0133576 0.00124719
-0.0132238 0.00148516
-0.0132238 0.0012173
-0.0130902 0.00145547
-0.0130902 0.00118768
-0.0129567 0.00142613
-0.0129567 0.00115845
-0.0128234 0.00139714
-0.0128234 0.00112955
-0.0126901 0.00136846
-0.0126901 0.00110106
-0.012557 0.00134016
-0.012557 0.00107285
-0.0124248 0.00131223
-0.0124248 0.00104499
-0.0122925 0.00128466
-0.0122925 0.0010175
-0.0121607 0.00125745
-0.0121607 0.000990424
-0.0120288 0.00123061
-0.0120288 0.00096365
-0.0118975 0.00120416
-0.0118975 0.000937187
-0.0117664 0.00117808
-0.0117664 0.000911142
-0.0116357 0.00115236
-0.0116357 0.000885455
-0.0115053 0.0011271
-0.0115053 0.000860132
-0.0113751 0.00110211
-0.0113751 0.000835193
-0.0112453 0.00107757
-0.0112453 0.000810624
-0.0111161 0.00105341
-0.0111161 0.000786369
-0.0109871 0.00102959
-0.0109871 0.000762538
-0.0108584 0.00100622
-0.0108584 0.000739097
-0.0107301 0.000983168
-0.0107301 0.000716011
-0.0106023 0.000960513
-0.0106023 0.000693258
-0.0104749 0.00093824
-0.0104749 0.000670927
-0.0103478 0.000916379
-0.0103478 0.000648965
-0.0102215 0.000894867
-0.0102215 0.000627445
-0.0100953 0.000873731
-0.0100953 0.000606267
-0.00996951 0.000852965
-0.00996951 0.000585486
-0.00984444 0.000832623
-0.00984444 0.00056505
-0.00972059 0.000812725
-0.00972059 0.000545031
-0.00959566 0.000793129
-0.00959566 0.000525392
-0.00947134 0.000773971
-0.00947134 0.000506094
-0.00934819 0.000755173
-0.00934819 0.000487226
-0.0092256 0.000736808
-0.0092256 0.0004687
-0.00910349 0.000718825
-0.00910349 0.000450556
-0.00898195 0.000701195
-0.00898195 0.000432801
-0.00886113 0.000684043
-0.00886113 0.000415422
-0.00874074 0.000667232
-0.00874074 0.00039852
-0.00862203 0.000650867
-0.00862203 0.000381961
-0.00850317 0.000634906
-0.00850317 0.000365823
-0.00838473 0.000619348
-0.00838473 0.000350073
-0.00826684 0.000604195
-0.00826684 0.000334714
-0.00814962 0.000589483
-0.00814962 0.000319721
-0.0080322 0.000575088
-0.0080322 0.000305151
-0.00791691 0.000561093
-0.00791691 0.000291013
-0.00780164 0.000547541
-0.00780164 0.00027726
-0.00768722 0.000534402
-0.00768722 0.000263895
-0.00757366 0.000521647
-0.00757366 0.000250922
-0.00746073 0.000509228
-0.00746073 0.00023839
-0.00734872 0.000497295
-0.00734872 0.00022621
-0.0072376 0.000485784
-0.0072376 0.00021443
-0.00712674 0.000474658
-0.00712674 0.000203041
-0.00701701 0.000463969
-0.00701701 0.000191999
-0.00690786 0.000453652
-0.00690786 0.000181387
-0.00679964 0.000443704
-0.00679964 0.000171207
-0.00669255 0.000434303
-0.00669255 0.000161395
-0.0065862 0.000425222
-0.0065862 0.000152028
-0.0064806 0.000416548
-0.0064806 0.00014309
-0.00637576 0.000408309
-0.00637576 0.000134498
-0.00627165 0.000400483
-0.00627165 0.000126291
-0.0061678 0.000393042
-0.0061678 0.000118465
-0.00606476 0.000385948
-0.00606476 0.000111039
-0.00596275 0.000379292
-0.00596275 0.000104059
-0.00586203 0.000373067
-0.00586203 9.74221e-05
-0.00576197 0.00036725
-0.00576197 9.11718e-05
-0.00566327 0.000361808
-0.00566327 8.53429e-05
-0.00556553 0.000356819
-0.00556553 7.98692e-05
-0.00546656 0.000352224
-0.00546656 7.47275e-05
-0.00536979 0.000348015
-0.00536979 7.00044e-05
-0.00527372 0.000344197
-0.00527372 6.56658e-05
-0.00517895 0.000340821
-0.00517895 6.16899e-05
-0.00508482 0.000337753
-0.00508482 5.81958e-05
-0.00499202 0.000335109
-0.00499202 5.50036e-05
-0.00489802 0.000332835
-0.00489802 5.22001e-05
-0.00480775 0.000330995
-0.00480775 4.97641e-05
-0.00471797 0.000329538
-0.00471797 4.77585e-05
-0.00462903 0.000328443
-0.00462903 4.61063e-05
-0.00454084 0.00032779
-0.00454084 4.48697e-05
-0.00445376 0.000327589
-0.00445376 4.39958e-05
-0.00436762 0.000327712
-0.00436762 4.35309e-05
-0.00428254 0.000328237
-0.00428254 4.34322e-05
-0.00419826 0.00032915
-0.00419826 4.36939e-05
-0.00411516 0.000330411
-0.00411516 4.43016e-05
-0.00403287 0.000332094
-0.00403287 4.53425e-05
-0.00395199 0.000334256
-0.00395199 4.67362e-05
-0.00387325 0.000336738
-0.00387325 4.85006e-05
-0.00379446 0.000339606
-0.00379446 5.06643e-05
-0.00371663 0.000342858
-0.00371663 5.31875e-05
-0.00363964 0.00034644
-0.00363964 5.61203e-05
-0.00356382 0.000350437
-0.00356382 5.93672e-05
-0.00348913 0.00035482
-0.00348913 6.29683e-05
-0.00341555 0.000359563
-0.00341555 6.69252e-05
-0.00334322 0.000364656
-0.00334322 7.12767e-05
-0.00327238 0.000370155
-0.00327238 7.60379e-05
-0.00320216 0.000376016
-0.00320216 8.11624e-05
-0.00313333 0.000382252
-0.00313333 8.66433e-05
-0.00306587 0.000388895
-0.00306587 9.25089e-05
-0.00299933 0.000395844
-0.00299933 9.87505e-05
-0.00293394 0.000403155
-0.00293394 0.000105371
-0.00286956 0.000410857
-0.00286956 0.00011235
-0.00280581 0.000418843
-0.00280581 0.000119687
-0.00274317 0.000427217
-0.00274317 0.000127381
-0.00268137 0.000435869
-0.00268137 0.000135416
-0.00262064 0.000444899
-0.00262064 0.000143804
-0.00256069 0.00045411
-0.00256069 0.000152545
-0.00250183 0.000463763
-0.00250183 0.000161615
-0.00244319 0.000473614
-0.00244319 0.000171013
-0.00238614 0.000483824
-0.00238614 0.00018071
-0.00233023 0.000494425
-0.00233023 0.000190726
-0.00227506 0.00050526
-0.00227506 0.000201025
-0.00222099 0.000516394
-0.00222099 0.000211651
-0.00216767 0.000527867
-0.00216767 0.000222517
-0.00211533 0.000539621
-0.00211533 0.000233675
-0.00206438 0.000551738
-0.00206438 0.000245132
-0.00201487 0.000564161
-0.00201487 0.00025689
-0.0019666 0.000576912
-0.0019666 0.000268968
-0.00191961 0.00059001
-0.00191961 0.000281302
-0.00187495 0.000603424
-0.00187495 0.000294019
-0.00183051 0.000617167
-0.00183051 0.000307067
-0.00178848 0.000631255
-0.00178848 0.000320417
-0.00174774 0.000645699
-0.00174774 0.000334077
-0.00170833 0.000660497
-0.00170833 0.000348047
-0.00166984 0.000675622
-0.00166984 0.000362309
-0.00163244 0.0006911
-0.00163244 0.000376908
-0.00159634 0.00070691
-0.00159634 0.00039181
-0.00156128 0.000723046
-0.00156128 0.000407004
-0.00152729 0.000739513
-0.00152729 0.000422457
-0.00149554 0.000756305
-0.00149554 0.00043824
-0.00146341 0.000773401
-0.00146341 0.000454292
-0.00143278 0.00079082
-0.00143278 0.000470585
-0.00140305 0.000808519
-0.00140305 0.0004872
-0.00137421 0.000826521
-0.00137421 0.000504075
-0.00134655 0.000844819
-0.00134655 0.000521161
-0.00131989 0.000863366
-0.00131989 0.000538563
-0.0012944 0.000882224
-0.0012944 0.000556198
-0.0012699 0.000901362
-0.0012699 0.000574083
-0.00124674 0.000920768
-0.00124674 0.000592228
-0.00122488 0.000940451
-0.00122488 0.000610624
-0.00120424 0.000960415
-0.00120424 0.000629269
-0.00118431 0.000980645
-0.00118431 0.000648156
-0.00116547 0.0010011
-0.00116547 0.000667308
-0.00114796 0.00102184
-0.00114796 0.000686679
-0.00113089 0.00104282
-0.00113089 0.000706266
-0.0011159 0.00106409
-0.0011159 0.000726054
-0.00110176 0.00108558
-0.00110176 0.000746107
-0.00108842 0.0011073
-0.00108842 0.000766374
-0.00107655 0.00112925
-0.00107655 0.000786856
-0.00106591 0.00115145
-0.00106591 0.000807551
-0.00105648 0.00117388
-0.00105648 0.00082846
-0.00104821 0.00119651
-0.00104821 0.000849638
-0.00104136 0.00121939
-0.00104136 0.000871013
-0.00103597 0.00124243
-0.00103597 0.000892645
-0.00103157 0.00126577
-0.00103157 0.000914472
-0.00102832 0.00128935
-0.00102832 0.000936499
-0.0010263 0.00131316
-0.0010263 0.000958721
-0.00102528 0.0013372
-0.00102528 0.000981103
-0.00102516 0.00136146
-0.00102516 0.0010037
-0.00102605 0.00138593
-0.00102605 0.00102651
-0.00102811 0.00141062
-0.00102811 0.00104951
-0.00103089 0.00143554
-0.00103089 0.00107266
-0.00103484 0.00146062
-0.00103484 0.00109601
-0.00103798 0.00148583
-0.00103798 0.00111954
-0.00104463 0.00151125
-0.00104463 0.00114317
-0.00105216 0.00153677
-0.00105216 0.00116706
-0.00106092 0.00156254
-0.00106092 0.0011911
-0.00107077 0.00158855
-0.00107077 0.00121527
-0.00108161 0.00161471
-0.00108161 0.00123968
-0.00109351 0.00164106
-0.00109351 0.00126424
-0.00110625 0.00166752
-0.00110625 0.00128897
-0.00112022 0.00169422
-0.00112022 0.00131386
-0.00113267 0.00172796
-0.00113267 0.00133802
-0.00114081 0.00175614
-0.00114081 0.00136246
-0.00114841 0.00178427
-0.00114841 0.00138701
-0.00115784 0.00181234
-0.00115784 0.00141175
-0.00117379 0.00184048
-0.00117379 0.00143685
-0.00119663 0.00186887
-0.00119663 0.00146227
-0.00122363 0.0018976
-0.00122363 0.00148796
-0.00125231 0.00192661
-0.00125231 0.00151389
-0.00128196 0.0019558
-0.00128196 0.00154008
-0.00131261 0.00198515
-0.00131261 0.00156656
-0.00134379 0.00201464
-0.00134379 0.00159328
-0.00137398 0.00204427
-0.00137398 0.00162014
-0.0014054 0.00207404
-0.0014054 0.00164715
-0.001436 0.00210387
-0.001436 0.00167429
-0.00146631 0.00213375
-0.00146631 0.00170156
-0.00149681 0.00216365
-0.00149681 0.00172891
-0.00152769 0.00219358
-0.00152769 0.00175632
-0.00155899 0.0022235
-0.00155899 0.00178378
-0.00159044 0.00225338
-0.00159044 0.00181127
-0.00162263 0.00228326
-0.00162263 0.00183878
-0.00165548 0.00231311
-0.00165548 0.00186632
-0.00168793 0.00234291
-0.00168793 0.00189386
-0.00172216 0.00237268
-0.00172216 0.00192143
-0.00175741 0.00240243
-0.00175741 0.00194903
-0.00179391 0.00243218
-0.00179391 0.00197669
-0.00183168 0.00246195
-0.00183168 0.0020044
-0.00187084 0.00249172
-0.00187084 0.00203219
-0.00191154 0.00252157
-0.00191154 0.00206006
-0.0019535 0.00255146
-0.0019535 0.002088
-0.00199692 0.00258139
-0.00199692 0.00211606
-0.00204182 0.00261133
-0.00204182 0.00214422
-0.00208837 0.00264138
-0.00208837 0.0021725
-0.00213574 0.00267146
-0.00213574 0.00220087
-0.00218472 0.0027016
-0.00218472 0.00222936
-0.0022342 0.00273176
-0.0022342 0.00225793
-0.00228495 0.00276197
-0.00228495 0.00228657
-0.00233649 0.00279217
-0.00233649 0.0023153
-0.00238866 0.00282239
-0.00238866 0.00234409
-0.00244121 0.00285266
-0.00244121 0.0023729
-0.00249398 0.00288294
-0.00249398 0.00240172
-0.00254693 0.00291324
-0.00254693 0.00243054
-0.00260029 0.00294349
-0.00260029 0.00245937
-0.0026545 0.0029737
-0.0026545 0.00248821
-0.00270986 0.00300392
-0.00270986 0.00251706
-0.00276614 0.00303413
-0.00276614 0.00254588
-0.00282328 0.00306432
-0.00282328 0.0025747
-0.00288107 0.0030945
-0.00288107 0.00260351
-0.00293972 0.00312465
-0.00293972 0.00263232
-0.00299929 0.0031547
-0.00299929 0.00266114
-0.00305844 0.00318934
-0.00305844 0.00268937
-0.00311569 0.00322022
-0.00311569 0.00271782
-0.00317312 0.003251
-0.00317312 0.00274622
-0.00323151 0.00328163
-0.00323151 0.00277462
-0.00329334 0.00331217
-0.00329334 0.0028031
-0.00335855 0.00334269
-0.00335855 0.00283163
-0.00342612 0.00337326
-0.00342612 0.00286021
-0.00349446 0.00340384
-0.00349446 0.0028888
-0.00356358 0.00343439
-0.00356358 0.00291741
-0.003633 0.00346486
-0.003633 0.00294606
-0.00370264 0.00349529
-0.00370264 0.00297471
-0.00377203 0.0035257
-0.00377203 0.00300332
-0.00384123 0.00355599
-0.00384123 0.00303188
-0.00391033 0.00358618
-0.00391033 0.00306039
-0.00397968 0.00361625
-0.00397968 0.00308884
-0.00404923 0.0036462
-0.00404923 0.00311721
-0.004119 0.00367603
-0.004119 0.00314549
-0.00418906 0.00370574
-0.00418906 0.00317366
-0.00425934 0.0037353
-0.00425934 0.00320174
-0.00432983 0.00376476
-0.00432983 0.00322967
-0.0044009 0.00379399
-0.0044009 0.00325752
-0.00447245 0.00382308
-0.00447245 0.00328526
-0.00454454 0.00385191
-0.00454454 0.00331291
-0.00461737 0.00388056
-0.00461737 0.00334045
-0.00469095 0.00390926
-0.00469095 0.00336786
-0.00476524 0.00393777
-0.00476524 0.00339519
-0.00484008 0.00396592
-0.00484008 0.00342244
-0.00491572 0.0039942
-0.00491572 0.00344957
-0.00499213 0.00402242
-0.00499213 0.00347663
-0.00506937 0.00405021
-0.00506937 0.00350363
-0.0051473 0.00407829
-0.0051473 0.0035305
-0.00522612 0.00410629
-0.00522612 0.00355732
-0.00529973 0.0041307
-0.00529973 0.00358403
-0.00537307 0.00415965
-0.00537307 0.00361006
-0.00544653 0.00418824
-0.00544653 0.00363601
-0.00552318 0.00421661
-0.00552318 0.00366201
-0.00560446 0.00424494
-0.00560446 0.0036879
-0.00568884 0.00427335
-0.00568884 0.00371374
-0.00577354 0.00430174
-0.00577354 0.00373947
-0.00585966 0.00433004
-0.00585966 0.00376516
-0.0059461 0.00435822
-0.0059461 0.00379084
-0.00603278 0.00438631
-0.00603278 0.00381645
-0.00611915 0.00441432
-0.00611915 0.00384194
-0.00620476 0.0044422
-0.00620476 0.00386728
-0.0062899 0.00446997
-0.0062899 0.0038925
-0.00637454 0.00449758
-0.00637454 0.00391757
-0.00645883 0.004525
-0.00645883 0.0039425
-0.00654278 0.00455226
-0.00654278 0.00396724
-0.00662649 0.00457932
-0.00662649 0.00399176
-0.00670983 0.00460618
-0.00670983 0.00401608
-0.00679298 0.00463281
-0.00679298 0.00404019
-0.0068761 0.00465922
-0.0068761 0.00406411
-0.00695924 0.0046854
-0.00695924 0.00408778
-0.00704218 0.00471135
-0.00704218 0.0041112
-0.00712591 0.00473708
-0.00712591 0.00413442
-0.00720979 0.00476261
-0.00720979 0.00415743
-0.00729406 0.00478792
-0.00729406 0.00418026
-0.00737866 0.00481304
-0.00737866 0.00420289
-0.00746272 0.00483794
-0.00746272 0.00422532
-0.00754873 0.00486267
-0.00754873 0.00424754
-0.00763491 0.00488722
-0.00763491 0.00426958
-0.00772163 0.00491159
-0.00772163 0.00429145
-0.00780889 0.0049358
-0.00780889 0.00431314
-0.00789668 0.00495984
-0.00789668 0.00433466
-0.00798507 0.00498372
-0.00798507 0.00435602
-0.0080714 0.00500739
-0.0080714 0.0043772
-0.00816019 0.0050309
-0.00816019 0.00439818
-0.00824897 0.00505424
-0.00824897 0.00441899
-0.00833782 0.0050774
-0.00833782 0.00443961
-0.0084263 0.00510037
-0.0084263 0.00446005
-0.00851437 0.00512313
-0.00851437 0.00448027
-0.0086023 0.00514568
-0.0086023 0.00450031
-0.00869047 0.00516803
-0.00869047 0.00452012
-0.00877866 0.00519015
-0.00877866 0.0045397
-0.00886608 0.00521204
-0.00886608 0.00455905
-0.00895446 0.00523372
-0.00895446 0.00457822
-0.00904239 0.00525517
-0.00904239 0.00459712
-0.00913036 0.00527639
-0.00913036 0.00461584
-0.00921835 0.00529738
-0.00921835 0.00463431
-0.00930653 0.00531816
-0.00930653 0.00465253
-0.00939543 0.00533872
-0.00939543 0.00467054
-0.00948376 0.00535906
-0.00948376 0.00468832
-0.00957201 0.00537917
-0.00957201 0.0047059
-0.00966028 0.00539906
-0.00966028 0.00472323
-0.00974863 0.00541872
-0.00974863 0.0047403
-0.00983683 0.00543815
-0.00983683 0.00475728
-0.00992498 0.00545736
-0.00992498 0.00477397
-0.0100128 0.00547632
-0.0100128 0.00479044
-0.0101004 0.00549505
-0.0101004 0.00480667
-0.0101878 0.00551355
-0.0101878 0.00482263
-0.010275 0.00553179
-0.010275 0.00483837
-0.0103622 0.0055498
-0.0103622 0.00485387
-0.0104491 0.00556755
-0.0104491 0.00486918
-0.0105357 0.00558505
-0.0105357 0.00488419
-0.010622 0.00560231
-0.010622 0.004899
-0.0107082 0.00561931
-0.0107082 0.0049136
-0.0107938 0.00563606
-0.0107938 0.00492792
-0.0108793 0.00565254
-0.0108793 0.00494199
-0.0109633 0.00566874
-0.0109633 0.0049558
-0.011049 0.0056847
-0.011049 0.00496934
