0.0023978 -0.00642332 -0.00917982
0.00238261 -0.0064235 -0.00917969
0.0023676 -0.00642332 -0.00917932
0.002354 -0.00642278 -0.00917873
0.00233978 -0.00642187 -0.00917791
0.00232739 -0.00642069 -0.0091769
0.00231588 -0.00641912 -0.00917572
0.00230573 -0.00641723 -0.00917437
0.00229651 -0.00641506 -0.00917286
0.00228793 -0.00641256 -0.00917121
0.0022802 -0.00640971 -0.00916943
0.00227316 -0.00640666 -0.00916751
0.00226668 -0.00640335 -0.00916548
0.0022608 -0.00639979 -0.00916334
0.00225506 -0.006396 -0.00916113
0.00225005 -0.00639197 -0.00915884
0.0022454 -0.00638769 -0.00915646
0.002241 -0.00638325 -0.00915402
0.00223575 -0.0063786 -0.00915136
0.00222984 -0.00637369 -0.00914857
0.00222315 -0.0063685 -0.00914567
0.00221617 -0.00636308 -0.00914265
0.00220921 -0.00635763 -0.00913955
0.00220239 -0.00635179 -0.00913637
0.00219558 -0.00634576 -0.00913309
0.00218836 -0.00633945 -0.00912969
0.0021804 -0.00633301 -0.00912618
0.00217145 -0.00632635 -0.00912253
0.00216151 -0.00631946 -0.00911874
0.00215062 -0.00631234 -0.0091148
0.00213877 -0.00630501 -0.00911067
0.00212608 -0.00629743 -0.00910636
0.00211243 -0.0062896 -0.00910184
0.00209788 -0.00628154 -0.00909711
0.00208255 -0.00627325 -0.00909215
0.00206634 -0.00626471 -0.00908695
0.00204929 -0.0062559 -0.00908149
0.0020315 -0.00624684 -0.00907577
0.00201292 -0.00623752 -0.00906977
0.00199373 -0.00622794 -0.00906348
0.00197373 -0.00621811 -0.00905688
0.00195315 -0.00620801 -0.00904996
0.0019322 -0.00619766 -0.00904273
0.00191089 -0.00618705 -0.00903518
0.0018893 -0.0061762 -0.0090273
0.00186731 -0.0061651 -0.00901907
0.0018452 -0.00615378 -0.00901051
0.00182311 -0.00614221 -0.0090016
0.00180084 -0.00613043 -0.00899236
0.00177861 -0.00611843 -0.00898278
0.00175746 -0.00610626 -0.00897289
0.00173692 -0.00609391 -0.00896268
0.00171662 -0.0060814 -0.00895215
0.00169654 -0.00606874 -0.00894135
0.00167685 -0.00605599 -0.00893021
0.00165723 -0.00604309 -0.00891878
0.00163801 -0.00603008 -0.00890704
0.00161835 -0.00601696 -0.008895
0.00159836 -0.00600372 -0.00888266
0.00157815 -0.00599037 -0.00887001
0.00155802 -0.00597692 -0.00885702
0.00153775 -0.00596336 -0.00884378
0.00151756 -0.00594968 -0.00883018
0.00149745 -0.00593592 -0.00881629
0.00147734 -0.00592206 -0.00880209
0.00145725 -0.00590812 -0.00878759
0.001437 -0.00589408 -0.0087728
0.00141687 -0.00587995 -0.00875772
0.00139688 -0.00586573 -0.00874235
0.00137703 -0.00585142 -0.00872671
0.00135765 -0.00583705 -0.00871079
0.0013381 -0.00582261 -0.00869459
0.00131883 -0.00580811 -0.00867813
0.00129958 -0.00579351 -0.00866141
0.00128065 -0.00577886 -0.00864444
0.00126159 -0.00576413 -0.00862724
0.00124266 -0.00574933 -0.00860979
0.00122375 -0.0057345 -0.0085921
0.00120491 -0.00571959 -0.00857412
0.00118611 -0.0057046 -0.00855589
0.00116727 -0.0056896 -0.00853746
0.00114854 -0.00567455 -0.00851879
0.0011296 -0.00565941 -0.00849988
0.00111065 -0.00564424 -0.00848068
0.00109175 -0.00562896 -0.00846134
0.00107282 -0.00561367 -0.00844179
0.00105374 -0.00559824 -0.00842193
0.00103449 -0.00558273 -0.00840196
0.00101507 -0.00556712 -0.00838172
0.000995734 -0.00555145 -0.00836129
0.000976409 -0.00553565 -0.00834065
0.000957016 -0.00551973 -0.00831981
0.000937648 -0.00550375 -0.00829881
0.000918382 -0.00548764 -0.00827759
0.000899223 -0.00547147 -0.00825622
0.00088005 -0.00545515 -0.00823465
0.000860944 -0.00543875 -0.00821292
0.000841695 -0.0054222 -0.00819104
0.000822672 -0.00540558 -0.00816901
0.000803718 -0.0053888 -0.00814677
0.000784828 -0.00537192 -0.00812442
0.00076633 -0.00535497 -0.00810197
0.000749241 -0.00533788 -0.00807941
0.000732427 -0.00532076 -0.00805677
0.000715531 -0.0053035 -0.00803402
0.000700962 -0.00528623 -0.00801129
0.000688479 -0.00526902 -0.0079886
0.000675697 -0.0052518 -0.00796591
0.000662571 -0.00523458 -0.0079433
0.000652036 -0.00521737 -0.00792076
0.000641328 -0.00520022 -0.00789827
0.000630059 -0.00518304 -0.00787583
0.000617979 -0.00516604 -0.00785335
0.000608191 -0.00514886 -0.00783088
0.000598982 -0.00513163 -0.00780843
0.000589071 -0.00511425 -0.00778596
0.000578311 -0.00509679 -0.00776344
0.000568044 -0.00507923 -0.00774084
0.000557601 -0.00506145 -0.0077182
0.000546892 -0.00504341 -0.00769544
0.000537189 -0.00502519 -0.00767259
0.000527318 -0.00500669 -0.0076496
0.00051836 -0.00498791 -0.00762649
0.000509851 -0.00496885 -0.00760324
0.000501926 -0.00494947 -0.00757989
0.000494701 -0.00492981 -0.00755643
0.000489445 -0.00490947 -0.00753292
0.00048556 -0.00488905 -0.00750934
0.00048296 -0.00486819 -0.00748575
0.000481675 -0.00484709 -0.00746215
0.000481969 -0.00482575 -0.00743858
0.00048381 -0.00480377 -0.00741505
0.000487441 -0.00478153 -0.00739161
0.000492558 -0.00475895 -0.00736819
0.000499529 -0.00473601 -0.00734491
0.000508202 -0.00471271 -0.00732166
0.000518777 -0.00468911 -0.0072986
0.000530909 -0.00466521 -0.00727569
0.000544731 -0.00464097 -0.00725297
0.000560209 -0.00461639 -0.00723043
0.000577457 -0.00459147 -0.00720807
0.000596321 -0.00456627 -0.00718585
0.000617292 -0.00454076 -0.00716389
0.000640165 -0.00451486 -0.00714213
0.000664843 -0.00448879 -0.00712061
0.000676769 -0.00446194 -0.00709878
0.000689334 -0.00443432 -0.00707662
0.00070534 -0.00440581 -0.00705415
0.000723887 -0.0043767 -0.00703138
0.000744372 -0.00434677 -0.00700838
0.000767277 -0.00431635 -0.00698528
0.000793508 -0.00428559 -0.00696226
0.000824362 -0.0042547 -0.00693952
0.000859852 -0.00422381 -0.00691716
0.000899881 -0.00419317 -0.00689534
0.000944101 -0.00416277 -0.00687422
0.000991712 -0.00413273 -0.00685386
0.00104186 -0.00410309 -0.00683407
0.00109353 -0.00407387 -0.00681503
0.00114548 -0.00404502 -0.00679657
0.00119699 -0.00401631 -0.00677854
0.00124759 -0.00398823 -0.00676069
0.00129705 -0.00396024 -0.0067431
0.00134528 -0.0039324 -0.0067255
0.00139225 -0.00390458 -0.0067078
0.00143813 -0.00387686 -0.00668985
0.0014828 -0.00384917 -0.00667153
0.00152639 -0.00382147 -0.00665275
0.00156903 -0.00379379 -0.00663339
0.001611 -0.00376608 -0.00661336
0.00165248 -0.00373796 -0.00659268
0.00169346 -0.00371018 -0.0065711
0.00173466 -0.00368207 -0.00654891
0.00177576 -0.00365391 -0.00652588
0.00181709 -0.00362571 -0.00650202
0.00185868 -0.00359746 -0.00647742
0.00190067 -0.00356913 -0.00645204
0.00194289 -0.00354079 -0.0064259
0.00198568 -0.00351246 -0.00639907
0.00202924 -0.00348405 -0.00637151
0.00207343 -0.00345568 -0.0063433
0.00211828 -0.00342726 -0.00631445
0.00216373 -0.00339883 -0.006285
0.00220983 -0.00337047 -0.00625505
0.00225616 -0.00334209 -0.00622461
0.0023023 -0.00331367 -0.00619368
0.00234837 -0.00328517 -0.0061623
0.00239472 -0.00325661 -0.00613045
0.00244104 -0.00322801 -0.00609818
0.0024874 -0.00319919 -0.00606548
0.0025337 -0.00317033 -0.00603231
0.0025801 -0.00314125 -0.00599867
0.00262642 -0.00311201 -0.00596475
0.00267239 -0.00308254 -0.00593042
0.00271791 -0.00305275 -0.00589567
0.00276281 -0.00302297 -0.00586048
0.00280757 -0.00299262 -0.00582475
0.00285208 -0.0029623 -0.00578871
0.00289625 -0.00293147 -0.00575224
0.00293984 -0.0029003 -0.00571535
0.0034091 -0.00289031 -0.00573091
0.0035075 -0.00287895 -0.0057187
0.00357113 -0.00286597 -0.00570653
0.00357959 -0.00284922 -0.00568668
0.00354951 -0.00282765 -0.00565842
0.00351125 -0.00280138 -0.00562458
0.00349021 -0.00277204 -0.00558813
0.00349634 -0.00274046 -0.00555087
0.00352635 -0.00270868 -0.00551342
0.00357164 -0.00267677 -0.00547599
0.0036238 -0.00264478 -0.00543865
0.00367678 -0.00261238 -0.00540129
0.003727 -0.00257937 -0.00536367
0.0037731 -0.00254561 -0.00532568
0.0038152 -0.00251112 -0.00528707
0.00385478 -0.00247595 -0.00524789
0.00389357 -0.0024402 -0.00520826
0.0039332 -0.00240417 -0.00516827
0.00397482 -0.00236772 -0.00512812
0.00401892 -0.00233116 -0.00508798
0.0040652 -0.00229425 -0.00504797
0.00411305 -0.00225726 -0.0050082
0.00416132 -0.00222014 -0.00496861
0.00420913 -0.00218273 -0.00492912
0.00425598 -0.00214487 -0.00488969
0.00430153 -0.00210661 -0.00485016
0.00434624 -0.0020678 -0.00481046
0.00439022 -0.00202844 -0.00477069
0.00443413 -0.00198875 -0.0047309
0.00447704 -0.00194857 -0.00469077
0.00451957 -0.00190792 -0.00465041
0.00456225 -0.00186686 -0.00460997
0.00461304 -0.0018256 -0.00456921
0.00465643 -0.00178378 -0.0045294
0.00469302 -0.00174105 -0.00448786
0.00473032 -0.00169752 -0.00444512
0.00476462 -0.00165322 -0.00440256
0.00479925 -0.0016082 -0.00435911
0.00483431 -0.00156251 -0.00431471
0.00488809 -0.0015175 -0.00427677
0.00493734 -0.00147292 -0.00423415
0.00498798 -0.00142852 -0.00419238
0.00503285 -0.00138379 -0.00414957
0.00507151 -0.00133869 -0.0041054
0.00510887 -0.00129313 -0.00406034
0.00516231 -0.00124815 -0.00401819
0.00521199 -0.00120352 -0.00397653
0.00525898 -0.00115898 -0.00393432
0.00529832 -0.00111404 -0.00389046
0.00533293 -0.00106859 -0.00384534
0.0053812 -0.00102355 -0.00380262
0.00542614 -0.000978702 -0.00376008
0.00546955 -0.000933815 -0.0037169
0.00550624 -0.000888575 -0.00367194
0.00553963 -0.000842904 -0.00362571
0.00558112 -0.000797426 -0.00357974
0.00562261 -0.000752067 -0.00353515
0.00566278 -0.000706689 -0.00348974
0.00571114 -0.000662061 -0.00344936
0.00574927 -0.000617347 -0.00340347
0.00578711 -0.000572506 -0.00335738
0.0058211 -0.000527347 -0.00331002
0.00586425 -0.000482759 -0.00326738
0.0059007 -0.000438193 -0.00321978
0.00593896 -0.000393673 -0.00317213
0.00597489 -0.000349188 -0.00312338
0.00600858 -0.000304447 -0.00307362
0.00604811 -0.000260179 -0.00302391
0.00608834 -0.000216259 -0.00297532
0.00612778 -0.000172589 -0.00292614
0.00616409 -0.000129019 -0.00287586
0.0062035 -8.5595e-05 -0.00282549
0.00624301 -4.2512e-05 -0.00277603
0.0062815 3.94356e-07 -0.00272593
0.0063177 4.31889e-05 -0.00267486
0.0063631 8.51603e-05 -0.00262816
0.00640237 0.000126726 -0.00257762
0.00644363 0.000167838 -0.00252725
0.0064827 0.000208739 -0.00247603
0.00651964 0.000249637 -0.00242401
0.0065599 0.000290196 -0.00237207
0.00660207 0.000330226 -0.00232113
0.00664379 0.000369965 -0.00226987
0.00668327 0.000409499 -0.00221765
0.00672159 0.000448825 -0.002165
0.00676301 0.000487673 -0.00211263
0.00680671 0.000525992 -0.00206129
0.00684965 0.000563845 -0.00200963
0.00689027 0.000601447 -0.00195725
0.00692986 0.000638955 -0.00190454
0.00697885 0.000675502 -0.00185543
0.00702222 0.000711634 -0.001804
0.00706704 0.000747433 -0.00175289
0.00710956 0.000782772 -0.00170129
0.00715015 0.000818332 -0.00164925
0.00719841 0.000853035 -0.00160005
0.00724137 0.000887502 -0.00154896
0.00728574 0.000921637 -0.00149826
0.0073286 0.000955758 -0.0014471
0.00736998 0.000989535 -0.00139549
0.00741125 0.00102367 -0.00134395
0.00746043 0.00105689 -0.00129464
0.00750501 0.00108985 -0.00124446
0.0075507 0.00112252 -0.00119463
0.00759454 0.00115506 -0.00114451
0.00763696 0.00118767 -0.0010943
0.00767868 0.00122028 -0.00104391
0.0077209 0.00125296 -0.000993672
0.00776362 0.00128547 -0.000943626
0.00780708 0.00131789 -0.000893807
0.00785182 0.00135015 -0.00084431
0.00789651 0.00138217 -0.000795016
0.00794055 0.00141402 -0.000745759
0.0079845 0.00144588 -0.000696678
0.00802851 0.00147723 -0.000647888
0.00807272 0.001509 -0.00059937
0.00811714 0.00154049 -0.00055113
0.00816235 0.00157188 -0.0005032
0.00820751 0.00160306 -0.000455448
0.00825261 0.00163432 -0.000407921
0.00829766 0.0016656 -0.000360575
0.00834264 0.00169617 -0.000313553
0.0083918 0.00172693 -0.000267375
0.0084371 0.00175749 -0.000221219
0.00848296 0.00178796 -0.000175279
0.00852869 0.0018186 -0.000129572
0.00857417 0.00184908 -8.3946e-05
0.00862018 0.00187958 -3.87457e-05
0.00866716 0.00190995 6.13031e-06
0.00871407 0.00194023 5.07044e-05
0.00876099 0.00197047 9.50697e-05
0.00880789 0.00200055 0.000139437
0.0088548 0.0020308 0.000183359
0.00890154 0.00206085 0.000227156
0.00894882 0.00209076 0.000270759
0.00899611 0.00212072 0.000314207
0.00904654 0.00215035 0.000357007
0.00909651 0.00217977 0.000399348
0.00914691 0.00220898 0.000441167
0.00919716 0.00223778 0.000482723
0.00925296 0.00226586 0.000523196
0.00930843 0.00229332 0.000562711
0.0093683 0.00231986 0.000600951
0.00942812 0.00234553 0.000638192
0.00948671 0.0023707 0.000674728
0.00954407 0.00239562 0.000710931
0.00960307 0.00242032 0.000746827
0.00966078 0.00244513 0.000782675
0.00971874 0.00247016 0.000818685
0.00977541 0.00249567 0.000855138
0.0098308 0.00252174 0.000892464
0.00988537 0.00254873 0.000930525
0.00993931 0.00257659 0.000969446
0.00999452 0.00260518 0.00100917
0.0100501 0.00263463 0.0010496
0.0101058 0.00266494 0.00109061
0.0101629 0.00269596 0.00113205
0.0102218 0.00272767 0.00117363
0.0102829 0.00275989 0.001215
0.0103457 0.00279253 0.00125603
0.0104109 0.00282553 0.00129642
0.010478 0.00285892 0.00133602
0.0105476 0.00289246 0.00137451
0.0106197 0.00292612 0.00141174
0.0106945 0.00295987 0.00144749
0.0107718 0.00299371 0.00148164
0.0108518 0.00302755 0.00151388
0.0109343 0.00306134 0.00154419
0.0110192 0.00309506 0.0015725
0.0111064 0.00312884 0.00159868
0.0111959 0.00316257 0.00162284
0.011288 0.00319636 0.00164489
0.0113843 0.00322977 0.00166443
0.011481 0.00326335 0.00168186
0.0115799 0.00329699 0.00169727
0.0116806 0.00333049 0.0017108
0.0117836 0.00336413 0.00172242
0.0118888 0.00339779 0.00173217
0.0119964 0.00343126 0.00174015
0.0120957 0.00346567 0.00174771
0.0121934 0.00350158 0.00175559
0.0122964 0.00353828 0.0017632
0.012401 0.00357612 0.00177062
0.0125098 0.00361468 0.00177726
0.0126226 0.00365292 0.00178256
0.0127404 0.00369087 0.0017856
0.0128634 0.00372746 0.00178581
0.012993 0.00376232 0.00178257
0.0131264 0.00379514 0.00177582
0.0132642 0.00382552 0.00176555
0.0134055 0.00385384 0.00175189
0.0135497 0.00387973 0.00173493
0.0136955 0.00390386 0.00171529
0.0138417 0.00392569 0.00169353
0.0139872 0.00394652 0.00167032
0.0141314 0.00396604 0.00164636
0.0142736 0.00398467 0.00162233
0.0144138 0.00400302 0.001599
0.0145509 0.00402136 0.00157704
0.0146857 0.00403979 0.00155702
0.0148152 0.00405872 0.00153966
0.0149511 0.00407767 0.00152469
0.0150802 0.00409697 0.00151272
0.0152124 0.00411624 0.00149968
0.0153555 0.00413491 0.00148374
0.0154858 0.00415458 0.00147339
0.0156002 0.00417681 0.00147246
0.0157043 0.00420239 0.0014801
0.0158058 0.00423072 0.0014942
0.0159107 0.00426096 0.00151291
0.0160232 0.00429181 0.00153489
0.0161396 0.00432274 0.00155964
0.0162663 0.00435298 0.00158612
0.0163964 0.00438204 0.0016142
0.0165267 0.00441056 0.00164418
0.016658 0.00443866 0.00167524
0.0167872 0.00446676 0.00170763
0.016922 0.00449435 0.00174095
0.017055 0.00452137 0.00177478
0.0171869 0.0045482 0.00181106
0.0173203 0.00457472 0.00184758
0.0174534 0.00460118 0.00188492
0.0175894 0.00462749 0.00192278
0.0177273 0.00465354 0.00196015
0.0178642 0.0046797 0.00199946
0.0180028 0.00470594 0.00203816
0.0181405 0.00473233 0.00207722
0.0182802 0.00475901 0.00211586
0.0184194 0.00478607 0.00215594
0.0185564 0.00481397 0.00219779
0.0186927 0.00484275 0.00223982
0.0188305 0.00487228 0.00228231
0.0189688 0.00490242 0.00232535
0.0191067 0.00493321 0.0023692
0.019242 0.00496517 0.00241502
0.0193795 0.00499795 0.00246104
0.0195186 0.00503128 0.00250804
0.019659 0.00506509 0.00255319
0.0197981 0.00509959 0.00260043
0.0199393 0.00513463 0.00264774
0.020078 0.0051704 0.00269648
0.0202168 0.00520707 0.00274542
0.0203562 0.00524451 0.00279457
0.0204951 0.00528284 0.00284481
0.0206329 0.0053223 0.00289495
0.020773 0.00536265 0.00294506
0.0209154 0.00540346 0.00299504
0.0210567 0.00544489 0.00304452
0.0211975 0.00548722 0.00309422
0.021338 0.00553049 0.0031446
0.0214792 0.00557456 0.00319487
0.0216199 0.00561949 0.0032452
0.0217599 0.00566562 0.00329566
0.0219005 0.00571268 0.00334623
0.0220436 0.00576046 0.00339662
0.0221848 0.00580897 0.00344631
0.022325 0.00585864 0.00349666
0.022466 0.00590928 0.00354702
0.0226066 0.0059608 0.0035974
0.0227449 0.00601358 0.00364809
0.022885 0.00606743 0.00369888
0.0230274 0.00612177 0.00374959
0.0231672 0.00617692 0.00380046
0.0233062 0.00623309 0.0038515
0.023446 0.00629009 0.00390271
0.0235857 0.00634773 0.00395418
0.0237233 0.00640631 0.00400612
0.0238625 0.00646568 0.00405827
0.0240019 0.00652553 0.0041107
0.0241405 0.0065861 0.00416338
0.0242814 0.00664692 0.0042161
0.0244203 0.0067081 0.00426915
0.0245573 0.00676985 0.00432325
0.0246967 0.00683188 0.00437735
0.0248347 0.00689443 0.00443181
0.0249727 0.00695737 0.00448662
0.0251102 0.00702061 0.0045419
0.0252476 0.00708414 0.00459774
0.0253829 0.00714817 0.00465476
0.0255205 0.00721241 0.00471197
0.0256569 0.00727705 0.00476966
0.0257935 0.00734189 0.00482776
0.0259297 0.00740687 0.00488639
0.0260645 0.00747204 0.00494615
0.0262016 0.00753726 0.00500599
0.0263373 0.0076027 0.00506633
0.026473 0.00766824 0.00512721
0.0266083 0.00773391 0.00518881
0.0267418 0.00779966 0.00525162
0.0268774 0.00786533 0.00531479
0.0270117 0.00793118 0.00537858
0.0271463 0.00799701 0.00544293
0.0272807 0.0080627 0.00550795
0.0274137 0.00812845 0.00557401
0.0275485 0.00819402 0.00564053
0.0276823 0.00825966 0.0057077
0.0278161 0.00832524 0.00577547
0.0279497 0.00839076 0.00584393
0.0280809 0.00845625 0.00591342
0.0282224 0.00852103 0.00598247
0.0283556 0.00858544 0.0060519
0.0284888 0.00864984 0.00612215
0.028622 0.00871418 0.00619312
0.0287527 0.00877865 0.00626505
0.0288942 0.00884245 0.00633673
0.0290274 0.00890589 0.00640863
0.0291606 0.00896937 0.0064813
0.0292941 0.00903278 0.00655461
0.0294275 0.00909614 0.00662855
0.0295586 0.00915972 0.00670329
0.029701 0.00922259 0.00677764
0.029835 0.00928508 0.00685204
0.0299689 0.00934762 0.0069271
0.0301032 0.00941014 0.00700268
0.0302376 0.00947265 0.00707875
0.0303721 0.00953503 0.00715538
0.0305057 0.00959775 0.00723246
0.0306418 0.00966025 0.00730977
0.0307771 0.00972283 0.00738744
0.0309129 0.00978534 0.0074653
0.0310489 0.0098478 0.00754333
0.0311853 0.00991012 0.00762149
0.0313192 0.00997284 0.0077001
0.0314649 0.0100348 0.00777778
0.031602 0.0100963 0.00785513
0.0317392 0.010158 0.00793278
0.0318769 0.0102198 0.0080106
0.0320146 0.0102816 0.00808856
0.0321527 0.0103435 0.00816661
0.0322885 0.0104059 0.00824486
0.032436 0.0104676 0.00832234
0.0325753 0.0105289 0.0083993
0.0327146 0.0105904 0.00847642
0.0328544 0.0106521 0.0085536
0.0329941 0.0107141 0.00863086
0.0331341 0.0107762 0.00870836
0.0332714 0.010839 0.00878586
0.0334217 0.0109011 0.0088612
0.0335639 0.010963 0.00893595
0.0337056 0.0110251 0.00901097
0.0338472 0.0110877 0.00908612
0.033988 0.0111507 0.00916158
0.034128 0.0112143 0.00923783
0.0342654 0.0112788 0.00931447
0.0344153 0.0113429 0.009389
0.0345574 0.011407 0.00946314
0.0346997 0.0114714 0.00953755
0.0348425 0.0115361 0.0096118
0.034985 0.0116012 0.00968613
0.0351272 0.0116667 0.00976058
0.0352667 0.0117332 0.00983577
0.0354182 0.0117989 0.0099089
0.0355611 0.0118647 0.00998216
0.0357045 0.0119309 0.0100553
0.0358482 0.0119974 0.0101283
0.0359917 0.0120642 0.0102014
0.0361349 0.0121315 0.0102748
0.0362765 0.0121994 0.0103489
0.0364208 0.0122676 0.0104224
0.0365648 0.0123362 0.0104955
0.0367092 0.012405 0.0105684
0.0368536 0.012474 0.0106413
0.036998 0.0125433 0.0107142
0.0371404 0.012613 0.0107879
0.0372852 0.012683 0.010861
0.0374295 0.0127533 0.0109339
0.037574 0.0128238 0.0110067
0.0377187 0.0128945 0.0110794
0.0378634 0.012979 0.0111655
0.0380046 0.0130628 0.0112516
0.0381478 0.0131459 0.0113363
0.0382917 0.0132284 0.0114201
0.0384373 0.0133099 0.0115025
0.0385836 0.0133901 0.0115834
0.0387271 0.0134697 0.0116644
0.0388805 0.013548 0.0117421
0.0390247 0.0136257 0.0118204
0.039169 0.0137035 0.0118983
0.0393134 0.013781 0.0119762
0.0394576 0.0138582 0.0120539
0.0396005 0.0139355 0.0121326
0.0397456 0.0140124 0.0122105
0.0398903 0.0140893 0.0122881
0.0400357 0.0141659 0.0123653
0.0401812 0.0142422 0.0124424
0.0403244 0.0143187 0.0125203
0.0404778 0.014394 0.0125956
0.0406231 0.0144689 0.0126715
0.0407689 0.0145439 0.0127472
0.0409146 0.0146187 0.0128229
0.0410579 0.0146938 0.0128999
0.0412114 0.0147681 0.0129746
0.041357 0.0148421 0.01305
0.0415032 0.0149162 0.0131254
0.0416495 0.0149903 0.0132011
0.0417936 0.0150648 0.0132777
0.0419481 0.0151384 0.0133522
0.0420946 0.0152118 0.0134275
0.0422416 0.0152853 0.0135028
0.0423888 0.015359 0.0135784
0.0425359 0.0154327 0.0136542
0.0426817 0.0155067 0.0137313
0.0428293 0.0155808 0.013808
0.0429767 0.0156551 0.0138847
0.0431248 0.0157294 0.0139614
0.0432733 0.0158035 0.0140381
0.0434194 0.015878 0.0141156
0.0435762 0.0159516 0.0141912
0.0437247 0.016025 0.0142673
0.0438737 0.0160987 0.0143435
0.0440229 0.0161725 0.0144198
0.044172 0.0162463 0.0144966
0.0443199 0.0163207 0.0145742
0.0444697 0.0163951 0.0146515
0.0446194 0.0164698 0.0147287
0.0447697 0.0165446 0.0148059
0.0449203 0.0166195 0.014883
0.0450688 0.0166946 0.0149609
0.0452282 0.016769 0.0150367
0.045379 0.0168432 0.015113
0.0455304 0.0169177 0.0151893
0.0456821 0.0169924 0.0152656
0.0458337 0.0170673 0.0153422
0.0459831 0.0171428 0.0154197
0.0461436 0.0172176 0.0154951
0.0462959 0.0172922 0.015571
0.0464489 0.0173672 0.0156468
0.0466024 0.0174424 0.0157226
0.0467559 0.0175179 0.0157985
0.0469081 0.0175938 0.0158753
0.0470621 0.0176699 0.0159518
0.0472161 0.0177465 0.0160282
0.0473705 0.0178232 0.0161045
0.0475253 0.0179 0.0161807
0.0476802 0.0179771 0.0162571
0.0478341 0.0180545 0.0163339
0.0479899 0.018132 0.0164104
0.0481456 0.0182099 0.0164866
0.0483016 0.0182879 0.0165627
0.048458 0.018366 0.0166387
0.0486123 0.0184446 0.0167152
0.0487773 0.0185224 0.01679
0.0489341 0.0186001 0.0168648
0.0490913 0.0186783 0.0169396
0.0492487 0.0187567 0.0170144
0.049406 0.0188354 0.0170895
0.0495634 0.0189146 0.0171649
0.0497199 0.0189941 0.0172406
0.0498787 0.0190738 0.017316
0.0500373 0.0191539 0.0173913
0.0501961 0.0192341 0.0174665
0.0503553 0.0193145 0.0175416
0.0505122 0.0193954 0.0176173
0.0506798 0.0194756 0.0176914
0.0508392 0.0195557 0.0177656
0.050999 0.0196362 0.0178399
0.051159 0.0197171 0.0179142
0.0513188 0.0197984 0.0179888
0.0514762 0.0198804 0.0180642
0.0516443 0.0199617 0.0181382
0.0518048 0.020043 0.0182122
0.0519657 0.0201247 0.0182863
0.0521269 0.0202067 0.0183606
0.0522879 0.020289 0.0184351
0.0524467 0.0203722 0.0185103
0.0526159 0.0204547 0.0185843
0.0527774 0.0205372 0.0186584
0.0529394 0.0206201 0.0187326
0.0531017 0.0207034 0.018807
0.0532637 0.0207869 0.0188817
0.0534235 0.0208713 0.0189572
0.0535936 0.0209551 0.0190315
0.0537562 0.0210388 0.019106
0.0539192 0.0211231 0.0191805
0.0540826 0.0212076 0.0192554
0.0542456 0.0212924 0.0193305
0.0544064 0.0213782 0.0194064
0.0545777 0.0214632 0.0194811
0.0547413 0.0215482 0.019556
0.0549053 0.0216337 0.0196312
0.0550695 0.0217195 0.0197065
0.0552335 0.0218056 0.0197825
0.0553953 0.0218926 0.019859
0.0555676 0.0219789 0.0199345
0.0557322 0.0220652 0.0200101
0.0558972 0.0221519 0.0200859
0.0560625 0.022239 0.020162
0.0562275 0.0223263 0.0202385
0.0563914 0.0224144 0.0203157
0.0565573 0.0225028 0.0203929
0.0567229 0.0225916 0.0204703
0.0568886 0.0226806 0.020548
0.0570547 0.0227699 0.0206259
0.0572209 0.0228593 0.0207042
0.0573861 0.0229492 0.0207828
0.0575531 0.0230393 0.0208614
0.0577198 0.0231297 0.0209402
0.0578865 0.0232204 0.0210192
0.0580536 0.0233115 0.0210984
0.0582209 0.0234023 0.0211778
0.0583871 0.0234938 0.0212574
0.0585556 0.0235854 0.021337
0.0587239 0.0236772 0.0214168
0.0588924 0.0237691 0.0214966
0.0590613 0.0238611 0.0215764
0.0592278 0.0239535 0.0216566
0.0594062 0.0240451 0.0217359
0.0595757 0.0241365 0.0218147
0.0597452 0.0242285 0.0218939
0.059915 0.0243206 0.0219733
0.0600847 0.024413 0.0220529
0.060252 0.0245063 0.0221331
0.0604317 0.0245983 0.0222126
0.0606025 0.0246903 0.0222916
0.0607736 0.0247828 0.022371
0.0609448 0.0248755 0.0224506
0.0611161 0.0249685 0.0225306
0.0612845 0.0250626 0.0226112
0.0614655 0.0251559 0.0226911
0.0616376 0.0252491 0.0227706
0.0618101 0.0253426 0.0228505
0.0619829 0.0254364 0.0229308
0.0621558 0.0255306 0.0230113
0.0623256 0.0256256 0.0230924
0.0625082 0.0257196 0.0231729
0.0626987 0.0258108 0.0232495
0.0628744 0.0259032 0.0233269
0.0630486 0.0259965 0.0234052
0.0632209 0.0260905 0.0234847
0.0633885 0.0261862 0.0235661
0.0635664 0.026282 0.0236482
0.0637374 0.0263782 0.0237303
0.0639099 0.0264752 0.023813
0.0640838 0.0265726 0.0238959
0.0642589 0.0266701 0.0239789
0.0644317 0.0267683 0.0240623
0.0646166 0.0268655 0.0241455
0.0647934 0.0269627 0.024228
0.0649704 0.0270603 0.0243109
0.0651475 0.0271581 0.024394
0.0653249 0.0272562 0.0244773
0.0655024 0.0273546 0.0245608
0.0656784 0.0274536 0.0246444
0.0658571 0.0275526 0.0247281
0.0660361 0.0276519 0.0248119
0.0662201 0.0277504 0.0248944
0.0663995 0.0278494 0.0249774
0.0665786 0.0279484 0.0250609
0.0667541 0.0280484 0.0251452
0.0669418 0.0281473 0.0252296
0.0671286 0.0282449 0.0253115
0.0673081 0.0283436 0.0253946
0.067487 0.0284428 0.0254784
0.0676657 0.0285425 0.025563
0.0678442 0.0286429 0.0256484
0.0680216 0.0287441 0.0257346
0.068202 0.0288456 0.025821
0.0683832 0.0289476 0.0259078
0.0685638 0.0290498 0.025995
0.0687438 0.0291523 0.0260829
0.0689237 0.0292552 0.0261712
0.0691007 0.0293587 0.0262604
0.069291 0.029461 0.0263493
0.0694721 0.0295633 0.0264375
0.0696528 0.0296662 0.0265264
0.0698338 0.0297692 0.0266161
0.070015 0.0298725 0.026706
0.070197 0.0299762 0.0267961
0.0703769 0.0300806 0.0268866
0.070562 0.0301852 0.0269768
0.070744 0.0302904 0.0270675
0.0709251 0.0303959 0.0271588
0.0711059 0.0305019 0.0272508
0.0712868 0.0306081 0.0273433
0.0714656 0.0307149 0.0274361
0.0716572 0.0308205 0.0275286
0.0718406 0.0309258 0.0276203
0.0720244 0.0310315 0.0277122
0.0722091 0.0311374 0.0278042
0.0723941 0.0312433 0.0278962
0.0725759 0.0313498 0.0279886
0.0727703 0.0314544 0.0280812
0.072956 0.0315591 0.0281729
0.073142 0.0316643 0.0282647
0.0733281 0.0317695 0.0283569
0.0735142 0.031875 0.0284493
0.0737008 0.0319808 0.0285418
0.0738852 0.0320873 0.0286346
0.0740735 0.0321938 0.0287273
0.0742606 0.0323006 0.0288203
0.0744485 0.0324076 0.0289134
0.074636 0.0325147 0.0290069
0.0748234 0.0326219 0.029101
0.0750099 0.0327292 0.0291949
0.0752119 0.0328342 0.029288
0.0753997 0.0329397 0.0293808
0.0755868 0.0330459 0.0294745
0.0757737 0.0331526 0.0295689
0.0759605 0.0332599 0.0296642
0.0761445 0.0333683 0.0297602
0.0763414 0.0334754 0.0298563
0.0765303 0.0335823 0.0299519
0.0767195 0.0336897 0.0300479
0.0769089 0.0337974 0.0301443
0.0770985 0.0339055 0.030241
0.0772846 0.0340146 0.0303383
0.0774835 0.0341222 0.0304358
0.0776739 0.0342299 0.0305326
0.0778645 0.0343382 0.0306297
0.0780552 0.0344467 0.0307273
0.0782458 0.0345555 0.0308252
0.0784391 0.0346648 0.0309232
0.0786277 0.034775 0.0310216
0.0788198 0.0348856 0.0311205
0.079009 0.0349968 0.0312204
0.0791977 0.0351086 0.031321
0.0793867 0.0352208 0.0314222
0.0795765 0.0353332 0.0315238
0.0797652 0.0354463 0.0316257
0.0799593 0.0355591 0.0317275
0.0801512 0.0356722 0.0318296
0.0803428 0.0357855 0.0319321
0.0805344 0.035899 0.032035
0.0807276 0.0360123 0.0321382
0.0809178 0.0361262 0.0322415
0.0811122 0.0362399 0.0323449
0.0813049 0.0363539 0.0324486
0.0814975 0.036468 0.0325525
0.0816908 0.036582 0.0326564
0.0818879 0.0366955 0.0327598
0.0820802 0.0368094 0.0328634
0.0822769 0.0369231 0.032967
0.0824734 0.0370367 0.0330705
0.0826688 0.0371504 0.0331742
0.0828636 0.0372643 0.0332782
0.0830588 0.0373783 0.0333826
0.0832515 0.0374927 0.0334873
0.0834491 0.0376069 0.033592
0.0836454 0.0377213 0.033697
0.0838418 0.0378358 0.0338021
0.0840455 0.0379495 0.0339065
0.0842434 0.0380636 0.0340111
0.0844437 0.0381774 0.0341165
0.084637 0.0382917 0.0342228
0.0848258 0.0384077 0.0343302
0.0850298 0.0385222 0.0344378
0.0852248 0.0386366 0.0345448
0.0854244 0.0387516 0.0346518
0.085623 0.038867 0.0347585
0.0858197 0.0389826 0.0348662
0.0860111 0.0390998 0.0349751
0.0862059 0.0392175 0.0350852
0.0864008 0.0393356 0.0351958
0.086593 0.0394546 0.0353068
0.0867926 0.0395729 0.0354174
0.0869912 0.0396912 0.0355281
0.0871902 0.0398093 0.0356385
0.0873896 0.0399272 0.0357491
0.0875893 0.0400451 0.0358595
0.0877937 0.040162 0.0359698
0.0879932 0.0402788 0.0360799
0.0881886 0.0403967 0.0361903
0.0884001 0.0405126 0.0363
0.0886008 0.0406284 0.0364089
0.0888009 0.0407445 0.0365182
0.0890012 0.0408611 0.0366279
0.0892019 0.040978 0.0367379
0.0894024 0.0410951 0.0368483
0.0895985 0.0412135 0.0369593
0.089812 0.0413301 0.0370696
0.0900133 0.0414463 0.0371798
0.0902149 0.0415633 0.0372902
0.0904165 0.0416808 0.037401
0.0906178 0.0417984 0.0375124
0.0908193 0.0419165 0.0376242
0.0910161 0.0420359 0.0377368
0.0912311 0.0421533 0.0378489
0.0914341 0.0422705 0.0379605
0.0916365 0.0423882 0.0380728
0.0918392 0.0425061 0.0381857
0.0920421 0.0426242 0.0382991
0.0922458 0.0427429 0.0384127
0.0924438 0.0428624 0.0385272
0.0926605 0.0429799 0.0386411
0.0928645 0.0430977 0.0387544
0.093068 0.043216 0.0388685
0.0932718 0.043335 0.038983
0.093476 0.043454 0.0390981
0.0936801 0.0435737 0.0392135
0.0938794 0.043695 0.0393297
0.0940974 0.0438134 0.0394451
0.0942987 0.0439326 0.0395614
0.0944991 0.0440539 0.0396794
0.0946983 0.0441765 0.0397991
0.094887 0.0443028 0.0399224
0.0950704 0.0444334 0.0400495
0.0952626 0.0445645 0.0401798
0.0954453 0.0446994 0.0403122
0.095611 0.0448407 0.0404502
0.0957731 0.0449871 0.0405928
0.0959394 0.0451373 0.0407391
0.0960915 0.0452938 0.0408891
0.0962357 0.0454583 0.0410431
0.0963871 0.0456233 0.0412001
0.0965305 0.0457945 0.041358
0.0966721 0.0459686 0.0415171
0.0968067 0.046148 0.0416776
0.0969493 0.0463272 0.0418382
0.0970922 0.0465085 0.0419979
0.0972294 0.0466912 0.0421576
0.0973939 0.04687 0.0423149
0.0975407 0.0470478 0.0424713
0.0976868 0.0472259 0.0426285
0.0978326 0.0474042 0.0427865
0.0979791 0.0475815 0.0429461
0.0981199 0.0477596 0.0431078
0.0982698 0.0479361 0.0432713
0.0984211 0.0481108 0.0434364
0.0985673 0.0482844 0.0436033
0.0987417 0.0484517 0.0437692
0.0989045 0.0486149 0.043934
0.0990687 0.0487745 0.0440991
0.0992346 0.04893 0.044264
0.0994024 0.0490813 0.0444286
0.0995713 0.049228 0.0445929
0.0997405 0.0493698 0.0447567
0.0999058 0.0495086 0.0449199
0.100078 0.049642 0.0450822
0.100249 0.049771 0.0452437
0.100417 0.0498959 0.0454043
0.100584 0.0500166 0.0455645
0.100747 0.0501338 0.0457247
0.100902 0.0502492 0.0458857
0.101058 0.050362 0.0460473
0.101207 0.0504733 0.0462103
0.10135 0.0505843 0.0463747
0.101485 0.0506952 0.0465416
0.101645 0.0508011 0.0467028
0.101808 0.0509016 0.0468591
0.101959 0.0509978 0.0470116
0.102107 0.05109 0.0471603
0.102257 0.0511792 0.0473059
0.102408 0.051266 0.0474493
0.102552 0.0513534 0.0475929
0.102696 0.0514435 0.0477377
0.102839 0.051535 0.0478843
0.102966 0.0516317 0.0480309
0.103082 0.0517339 0.0481826
0.103189 0.0518408 0.0483393
0.103285 0.0519527 0.0485016
0.103372 0.0520687 0.0486695
0.103453 0.0521883 0.048843
0.103542 0.0523071 0.0490193
0.103613 0.0524279 0.0492007
0.103681 0.0525497 0.0493866
0.103747 0.0526704 0.0495773
0.103821 0.0527898 0.0497703
0.103875 0.0529099 0.0499685
0.103926 0.0530322 0.0501704
0.103972 0.0531553 0.0503761
0.104013 0.053283 0.0505845
0.10405 0.0534117 0.0507951
0.104093 0.0535437 0.0510061
0.10412 0.0536808 0.0512177
0.104146 0.0538203 0.0514296
0.104169 0.0539651 0.0516425
0.104189 0.054114 0.0518555
0.104209 0.0542664 0.0520687
0.104229 0.0544196 0.052281
0.104249 0.0545777 0.0524923
0.104269 0.054737 0.0527025
0.104291 0.0548977 0.0529104
0.104315 0.0550584 0.0531154
0.104342 0.0552197 0.053317
0.104373 0.0553793 0.0535156
0.104408 0.055537 0.05371
0.104449 0.0556931 0.0539001
0.104496 0.055845 0.0540853
0.104544 0.0559936 0.054266
0.104602 0.0561384 0.0544416
0.104669 0.056277 0.0546105
0.104741 0.0564093 0.0547736
0.104825 0.0565371 0.0549295
0.104909 0.0566569 0.0550796
0.104999 0.0567714 0.0552229
0.105102 0.0568768 0.0553583
0.105202 0.0569771 0.055488
0.105308 0.0570715 0.0556112
0.105419 0.0571577 0.0557286
0.10553 0.0572365 0.0558407
0.105649 0.0573104 0.0559459
0.105768 0.0573795 0.0560462
0.105895 0.0574455 0.0561409
0.106014 0.0575085 0.0562322
0.106139 0.0575668 0.0563191
0.106258 0.0576196 0.0564034
0.106374 0.0576737 0.0564846
0.106493 0.0577264 0.0565639
0.106608 0.0577811 0.0566421
0.106728 0.0578331 0.0567182
0.106838 0.0578825 0.0567945
0.106936 0.05794 0.0568721
0.10704 0.0579934 0.0569506
0.107142 0.0580496 0.0570302
0.107246 0.0581073 0.0571093
0.107341 0.0581688 0.0571899
0.107433 0.0582272 0.0572722
0.107528 0.0582908 0.0573547
0.107617 0.0583579 0.0574389
0.107705 0.0584294 0.0575249
0.107787 0.0585018 0.0576136
0.107869 0.0585774 0.057704
0.107949 0.0586523 0.0577965
0.108027 0.0587331 0.0578909
0.108115 0.0588201 0.057985
0.108194 0.0589163 0.0580795
0.108278 0.0590255 0.0581718
0.108362 0.0591559 0.0582612
0.108454 0.0592299 0.0583509
0.108556 0.0593617 0.0584384
0.108646 0.0594705 0.0585309
0.108724 0.0596168 0.0586262
0.108796 0.059725 0.0587252
0.10886 0.0598366 0.0588253
0.108934 0.059948 0.0589257
0.109015 0.0600524 0.0590267
0.109102 0.0601536 0.0591274
0.10919 0.0602526 0.0592272
0.109284 0.0603507 0.0593248
0.109387 0.0604502 0.0594201
0.109482 0.0605455 0.0595154
0.109583 0.0606397 0.0596094
0.109685 0.0607308 0.0597021
0.109791 0.0608205 0.0597926
0.1099 0.0609027 0.0598812
0.110023 0.0609846 0.0599655
0.110139 0.0610588 0.0600479
0.110262 0.0611335 0.0601267
0.110386 0.0612078 0.0602026
0.110511 0.0612785 0.0602762
0.110647 0.0613474 0.0603461
0.110777 0.0614137 0.0604145
0.11091 0.0614788 0.0604811
0.111043 0.0615407 0.0605465
0.111184 0.061602 0.0606094
0.111315 0.0616608 0.0606722
0.11145 0.0617245 0.0607331
0.111586 0.0617895 0.0607929
0.111732 0.0618619 0.0608491
0.111874 0.0619292 0.0609038
0.112025 0.0620375 0.0609513
0.112163 0.0620852 0.0610061
0.112312 0.0621328 0.0610601
0.112447 0.062183 0.0611158
0.112579 0.0622359 0.0611728
0.112704 0.0622908 0.0612327
0.112838 0.062348 0.0612935
0.112958 0.0624087 0.0613575
0.113085 0.0624718 0.0614231
0.113211 0.0625366 0.0614907
0.113346 0.0626005 0.0615588
0.113471 0.0626671 0.0616265
0.113598 0.0627349 0.0616979
0.113724 0.0628047 0.0617713
0.113844 0.0628777 0.0618462
0.113968 0.0629535 0.0619225
0.114094 0.0630301 0.0620001
0.114222 0.0631077 0.0620783
0.114352 0.0631872 0.0621562
0.114482 0.0632726 0.062235
0.114608 0.0633654 0.062315
0.114737 0.0634642 0.0623963
0.114868 0.0635706 0.0624774
0.115002 0.0636826 0.0625585
0.115137 0.0637994 0.0626398
0.115273 0.063923 0.0627211
0.115411 0.0640501 0.062802
0.11555 0.0641813 0.0628831
0.11569 0.064317 0.062964
0.115831 0.0644579 0.0630415
0.115972 0.0646013 0.0631177
0.116114 0.0647477 0.0631981
0.116259 0.0648983 0.0632831
0.116403 0.0650504 0.0633765
0.116549 0.0652046 0.0634767
0.116695 0.0653623 0.0635842
0.116838 0.0655222 0.0636984
0.116986 0.0656831 0.0638199
0.117135 0.0658468 0.0639449
0.117288 0.0660111 0.0640748
0.117443 0.0661761 0.0642095
0.117599 0.0663445 0.0643482
0.11776 0.0665145 0.0644906
0.117918 0.0666844 0.0646365
0.118073 0.0668547 0.0647855
0.118256 0.0670226 0.0649381
0.118409 0.0671966 0.0650943
0.118561 0.0673785 0.0652537
0.118715 0.0675648 0.0654151
0.118878 0.0677422 0.0655789
0.119031 0.0679352 0.0657457
0.119198 0.0681335 0.0659158
0.119352 0.0683207 0.0660884
0.119506 0.0685094 0.0662631
0.119661 0.0686988 0.0664398
0.119811 0.068889 0.0666192
0.119962 0.0690796 0.0668012
0.120113 0.0692714 0.0669857
0.120272 0.0694642 0.0671719
0.120423 0.0696587 0.0673603
0.120576 0.0698552 0.0675507
0.120731 0.0700518 0.0677428
0.120879 0.0702493 0.0679369
0.121041 0.0704482 0.0681326
0.121198 0.0706507 0.0683302
0.12136 0.0708534 0.0685293
0.12152 0.0710175 0.0687298
0.121692 0.0712465 0.0689304
0.121858 0.0714673 0.0691334
0.12202 0.0716864 0.0693384
0.122175 0.0719088 0.0695443
0.122331 0.072134 0.0697508
0.122492 0.0723584 0.0699587
0.122647 0.0725823 0.070169
0.122798 0.072806 0.0703813
0.122956 0.0730305 0.0705949
0.123114 0.0732559 0.0708096
0.123278 0.0734825 0.0710254
0.123432 0.0737094 0.0712426
0.123597 0.0739368 0.0714612
0.123765 0.0741646 0.071681
0.123925 0.0743936 0.071902
0.124095 0.0746234 0.0721242
0.124255 0.0748543 0.0723477
0.12442 0.0750854 0.0725723
0.12459 0.0753175 0.0727978
0.12476 0.0755501 0.0730246
0.124935 0.0757836 0.0732523
0.125107 0.0760177 0.0734809
0.125289 0.0762522 0.0737105
0.125467 0.0764878 0.073941
0.125644 0.0767241 0.0741725
0.125816 0.0769613 0.074405
0.125994 0.0771991 0.0746382
0.126172 0.0774375 0.0748726
0.126351 0.077677 0.0751078
0.126533 0.0779171 0.0753438
0.126707 0.0781582 0.0755808
0.126893 0.0784002 0.0758188
0.127077 0.078643 0.0760578
0.127261 0.0788869 0.0762979
0.127444 0.0791318 0.076539
0.127629 0.0793775 0.076781
0.127806 0.0796241 0.0770242
0.127989 0.0798717 0.0772684
0.128178 0.0801201 0.0775137
0.128358 0.0803699 0.0777603
0.128544 0.0806209 0.0780081
0.128726 0.0808729 0.0782572
0.128914 0.081126 0.0785076
0.129108 0.0813801 0.078759
0.129293 0.0816357 0.0790119
0.129482 0.0818921 0.0792661
0.129675 0.0821497 0.0795215
0.12986 0.0824085 0.0797783
0.130057 0.0826684 0.0800365
0.130252 0.08293 0.080296
0.130448 0.0831923 0.0805568
0.130643 0.083456 0.080819
0.13084 0.0837206 0.0810824
0.131031 0.0839865 0.0813472
0.131228 0.0842534 0.0816132
0.131428 0.0845213 0.0818806
0.131637 0.0847903 0.0821491
0.131833 0.0850608 0.0824191
0.132037 0.0853319 0.0826904
0.132241 0.0856043 0.0829629
0.132446 0.0858774 0.0832366
0.132655 0.0861515 0.0835116
0.132866 0.0864275 0.0837877
0.133076 0.0867039 0.0840649
0.133285 0.0869819 0.0843436
0.133502 0.0872602 0.0846232
0.13371 0.08754 0.084904
0.133925 0.0878202 0.0851858
0.134136 0.0881014 0.0854687
0.134353 0.0883836 0.0857526
0.134576 0.0886663 0.0860374
0.134794 0.08895 0.0863233
0.13501 0.0892347 0.0866103
0.135229 0.0895204 0.0868983
0.135452 0.0898067 0.0871873
0.135676 0.0900936 0.0874774
0.135908 0.0903807 0.0877683
0.136137 0.0906694 0.0880603
0.136362 0.090959 0.0883535
0.136591 0.0912495 0.0886478
0.136828 0.0915396 0.0889431
0.137049 0.0918321 0.0892395
0.137282 0.0921254 0.089537
0.137514 0.0924203 0.0898356
0.137742 0.092716 0.0901353
0.137978 0.0930106 0.0904359
0.138218 0.0933011 0.0907375
0.138454 0.0935912 0.0910402
0.138683 0.0938791 0.0913443
0.138922 0.0941963 0.0916495
0.139155 0.0944878 0.0919568
0.139397 0.0947703 0.0922645
0.139639 0.0950629 0.0925735
0.1399 0.0953466 0.0928837
0.140145 0.0956512 0.093195
0.14039 0.0959471 0.0935069
0.140639 0.0962606 0.0938199
0.140892 0.0965596 0.0941342
0.141136 0.0968631 0.0944494
0.141385 0.0970984 0.0947659
0.141641 0.0973956 0.0950835
0.141893 0.0976915 0.0954023
0.14215 0.0979882 0.0957226
0.142406 0.0982895 0.0960439
0.142659 0.0985956 0.0963664
0.142914 0.0989041 0.0966902
0.143171 0.0992134 0.0970155
0.143436 0.0995237 0.0973424
0.143695 0.0998366 0.0976709
0.143957 0.100152 0.0980009
0.14423 0.10047 0.0983322
0.14449 0.100789 0.0986653
0.144756 0.101111 0.0990001
0.145024 0.101435 0.0993365
0.145305 0.10176 0.0996743
0.145574 0.102088 0.100014
0.145846 0.102419 0.100355
0.146124 0.102751 0.100698
0.146399 0.103085 0.101043
0.146673 0.103421 0.101389
0.146952 0.103759 0.101736
0.14724 0.104098 0.102085
0.147523 0.10444 0.102436
0.147811 0.104784 0.102788
0.148109 0.105129 0.103141
0.148397 0.105476 0.103496
0.148689 0.105825 0.103853
0.149095 0.106173 0.104191
0.149411 0.106523 0.104547
0.149701 0.106874 0.104903
0.149988 0.107226 0.105262
0.15027 0.107581 0.105624
0.15055 0.107937 0.105989
0.150844 0.108296 0.106355
0.15114 0.108658 0.106723
0.151438 0.10902 0.107092
0.151739 0.109385 0.107463
0.152046 0.10975 0.107836
0.152353 0.110118 0.10821
0.152663 0.110488 0.108585
0.152977 0.11086 0.108962
0.153282 0.111233 0.109341
0.153594 0.111608 0.109722
0.153903 0.111986 0.110105
0.154216 0.112366 0.11049
0.154533 0.112748 0.110877
0.154844 0.113132 0.111266
0.155164 0.113517 0.111656
0.155486 0.113905 0.112049
0.15581 0.114295 0.112444
0.156135 0.114688 0.112841
0.156459 0.115081 0.113239
0.156783 0.115474 0.113639
0.157109 0.115872 0.114042
0.157445 0.11627 0.114446
0.157775 0.116675 0.114853
0.158109 0.117081 0.115262
0.15846 0.117496 0.115673
0.158796 0.117909 0.116086
0.159145 0.118339 0.1165
0.159486 0.118739 0.116917
0.159843 0.119178 0.117334
0.16019 0.119604 0.117755
0.160534 0.120031 0.118177
0.160877 0.120462 0.118601
0.161231 0.120895 0.119028
0.161577 0.121328 0.119457
0.16193 0.121764 0.119888
0.162285 0.122201 0.120322
0.162648 0.122643 0.120757
0.163006 0.123087 0.121194
0.16337 0.123227 0.121633
0.163811 0.123459 0.122053
0.16429 0.123516 0.122456
0.16463 0.123425 0.122874
0.164804 0.123464 0.123294
0.164938 0.123566 0.123719
0.165144 0.123677 0.124163
0.165466 0.123803 0.124629
0.165844 0.123964 0.125105
0.166234 0.124164 0.125576
0.166628 0.124388 0.126044
0.167034 0.124624 0.12651
0.167434 0.124873 0.126984
0.16783 0.125139 0.127462
0.168218 0.125426 0.127942
0.168603 0.125733 0.128425
0.168998 0.126056 0.128909
0.1694 0.126391 0.129397
0.169814 0.126739 0.129888
0.170234 0.127098 0.130379
0.170664 0.127467 0.13087
0.171097 0.127844 0.131361
0.171531 0.12823 0.131852
0.171969 0.128622 0.132343
0.172412 0.129021 0.132835
0.172852 0.129426 0.133328
0.173295 0.129838 0.13382
0.173743 0.130256 0.134313
0.174186 0.130679 0.134803
0.174634 0.131108 0.135297
0.175083 0.131541 0.13579
0.175533 0.131978 0.136285
0.175983 0.13242 0.13678
0.176435 0.132867 0.137278
0.176889 0.133318 0.137777
0.177349 0.133774 0.138276
0.177802 0.134233 0.138777
0.17826 0.134697 0.139281
0.178713 0.135166 0.139788
0.179167 0.135639 0.140297
0.179614 0.136117 0.140809
0.180067 0.136599 0.141322
0.18052 0.137086 0.141839
0.180976 0.137578 0.14236
0.181432 0.138075 0.142884
0.181888 0.138576 0.143411
0.182355 0.139083 0.143941
0.182818 0.139594 0.144477
0.183277 0.14011 0.145017
0.183741 0.140631 0.14556
0.184209 0.141157 0.146109
0.184672 0.141689 0.146661
0.185136 0.142225 0.147219
0.185594 0.142766 0.147779
0.186064 0.143312 0.148343
0.186532 0.143862 0.148913
0.187007 0.144418 0.149486
0.187492 0.144978 0.150064
0.187975 0.145542 0.150644
0.188463 0.146111 0.151228
0.188953 0.146684 0.151816
0.189442 0.147262 0.152407
0.189935 0.147842 0.153
0.190435 0.148427 0.153599
0.190942 0.149016 0.1542
0.191453 0.149609 0.154804
0.191967 0.150205 0.155411
0.192477 0.150803 0.15602
0.192998 0.151405 0.156633
0.193531 0.15201 0.157249
0.194062 0.152617 0.157866
0.194602 0.153228 0.158487
0.19514 0.153841 0.159109
0.195681 0.154457 0.159734
0.196225 0.155075 0.160362
0.196776 0.155696 0.160991
0.197322 0.156319 0.161623
0.197876 0.156945 0.162256
0.198435 0.157573 0.162892
0.198996 0.158204 0.16353
0.19955 0.158837 0.16417
0.200114 0.159472 0.164813
0.20069 0.16011 0.165458
0.201259 0.160751 0.166105
0.201815 0.161394 0.166755
0.202391 0.16204 0.167408
0.202971 0.162688 0.168063
0.20356 0.16334 0.168721
0.204141 0.163994 0.169381
0.204726 0.164652 0.170047
0.205309 0.165312 0.170717
0.205897 0.165976 0.171377
0.206487 0.166642 0.172028
0.207087 0.167311 0.172712
0.20769 0.167985 0.173395
0.208282 0.168663 0.17407
0.208886 0.169343 0.174753
0.209475 0.170027 0.175441
0.210071 0.170715 0.176132
0.210676 0.171408 0.176826
0.211276 0.172105 0.177522
0.211883 0.172806 0.178224
0.212494 0.173511 0.178931
0.21311 0.17422 0.179645
0.213721 0.174933 0.18036
0.214343 0.175651 0.181081
0.214978 0.176373 0.181807
0.215609 0.177099 0.182539
0.216242 0.177829 0.183275
0.216895 0.178563 0.184017
0.217536 0.179299 0.18476
0.218178 0.180039 0.185496
0.21883 0.18078 0.186253
0.219484 0.181524 0.187012
0.220135 0.182269 0.187771
0.220793 0.183016 0.188536
0.221455 0.183764 0.189306
0.222129 0.184515 0.190079
0.222791 0.185267 0.190853
0.223467 0.186019 0.191632
0.224149 0.186772 0.192415
0.224834 0.187526 0.193202
0.225521 0.18828 0.193992
0.226222 0.189034 0.194786
0.22692 0.189787 0.195583
0.227623 0.19054 0.196384
0.22832 0.191293 0.197188
0.229028 0.192044 0.197997
0.229751 0.192795 0.198808
0.23047 0.193544 0.199624
0.231188 0.194292 0.200442
0.231916 0.195039 0.201265
0.232647 0.195784 0.20209
0.233382 0.196528 0.20292
0.234172 0.197269 0.203747
0.234925 0.19801 0.204582
0.235668 0.198749 0.205421
0.236418 0.199487 0.206268
0.237165 0.200223 0.207114
0.237922 0.200955 0.207965
0.238684 0.201686 0.208819
0.239447 0.202414 0.209677
0.240213 0.20314 0.210535
0.240983 0.203865 0.211399
0.241764 0.204588 0.212268
0.242543 0.20531 0.213138
0.243323 0.20603 0.214011
0.24411 0.206749 0.21489
0.244899 0.207466 0.21577
0.245685 0.208181 0.216651
0.246477 0.208895 0.217535
0.24728 0.209608 0.21842
0.248077 0.210321 0.219306
0.248878 0.211032 0.220193
0.249683 0.211743 0.221079
0.250492 0.212453 0.221966
0.251305 0.213162 0.222851
0.25211 0.213871 0.223734
0.252929 0.214579 0.224615
0.253757 0.215287 0.225497
0.254588 0.215993 0.226379
0.255424 0.216698 0.22725
0.256265 0.217401 0.228117
0.257107 0.218103 0.228982
0.25796 0.218803 0.229843
0.258808 0.219501 0.230703
0.259666 0.220198 0.231562
0.260533 0.220892 0.232418
0.261418 0.221583 0.233272
0.262258 0.22227 0.234125
0.263142 0.222953 0.234974
0.264036 0.22363 0.235819
0.264935 0.224303 0.236659
0.265839 0.22497 0.237495
0.266747 0.225632 0.238327
0.26766 0.226289 0.239154
0.268587 0.22694 0.239976
0.269513 0.227586 0.240802
0.270438 0.228226 0.241616
0.271376 0.22886 0.242426
0.27232 0.229488 0.243229
0.273266 0.230109 0.244025
0.274215 0.230723 0.244815
0.275158 0.231331 0.245599
0.276114 0.231932 0.246378
0.277082 0.232527 0.24715
0.278048 0.233116 0.247918
0.279021 0.233697 0.248679
0.279999 0.234271 0.249433
0.280983 0.234838 0.250182
0.28197 0.235398 0.250924
0.282953 0.23595 0.25166
0.28395 0.236495 0.25239
0.284957 0.237034 0.253114
0.285967 0.237565 0.253831
0.28698 0.238089 0.254541
0.288002 0.238606 0.255244
0.289038 0.239116 0.255941
0.290068 0.239617 0.256632
0.291062 0.240113 0.257319
0.292102 0.240601 0.258002
0.293157 0.241082 0.258678
0.29421 0.241555 0.259347
0.295262 0.242021 0.260009
0.296325 0.242481 0.260664
0.297395 0.242934 0.261313
0.29847 0.24338 0.261956
0.29955 0.243821 0.262592
0.300629 0.244255 0.263223
0.301724 0.244683 0.263848
0.302826 0.245105 0.264466
0.303943 0.245521 0.265079
0.305046 0.245929 0.265685
0.306167 0.246331 0.266285
0.307297 0.246726 0.266879
0.308421 0.247113 0.267474
0.309556 0.247495 0.268058
0.31076 0.247868 0.268635
0.311918 0.248236 0.269208
0.313067 0.248596 0.269772
0.314231 0.248949 0.270328
0.315404 0.249295 0.270878
0.316576 0.249634 0.27142
0.317762 0.249966 0.271955
0.318957 0.250292 0.272485
0.320158 0.25061 0.273006
0.32136 0.25092 0.273521
0.322589 0.251223 0.27403
0.323811 0.251519 0.274531
0.325043 0.251807 0.275027
0.326285 0.252087 0.275514
0.32752 0.252359 0.275995
0.328771 0.252624 0.27647
0.330032 0.25288 0.276937
0.331312 0.253129 0.277398
0.332577 0.25337 0.277851
0.333868 0.253603 0.278299
0.335163 0.25383 0.278739
0.336457 0.254048 0.279171
0.337759 0.254259 0.279597
0.339123 0.254461 0.280013
0.34044 0.254656 0.280423
0.341763 0.254843 0.280825
0.343099 0.255024 0.281221
0.344436 0.255196 0.281608
0.345786 0.25536 0.281988
0.347157 0.255517 0.28236
0.348522 0.255666 0.282725
0.349908 0.255808 0.283083
0.351286 0.255942 0.283434
0.352679 0.256068 0.283777
0.354067 0.256186 0.284112
0.355486 0.256298 0.284441
0.356897 0.256401 0.284762
0.358323 0.256496 0.285075
0.359741 0.256582 0.285381
0.361177 0.256661 0.285679
0.362624 0.256732 0.28597
0.364092 0.256795 0.286255
0.365554 0.25685 0.286531
0.367015 0.256896 0.2868
0.368494 0.256934 0.287061
0.369981 0.256969 0.287315
0.371493 0.256998 0.287563
0.373001 0.257021 0.287802
0.374508 0.257039 0.288034
0.376049 0.257052 0.288258
0.377587 0.257058 0.288475
0.379135 0.257058 0.288684
0.3807 0.257052 0.288886
0.382256 0.257038 0.289081
0.383806 0.257019 0.289269
0.38539 0.256994 0.289452
0.386965 0.256962 0.289628
0.388578 0.256925 0.289797
0.390207 0.256881 0.289961
0.391813 0.256833 0.29012
0.393422 0.256779 0.290272
0.395042 0.25672 0.290418
0.396664 0.256655 0.290557
0.39826 0.256577 0.29069
0.399947 0.25649 0.290817
0.401613 0.256392 0.290937
0.403268 0.256281 0.291051
0.404964 0.256161 0.291159
0.40663 0.256032 0.291261
0.40833 0.255895 0.291357
0.410066 0.255748 0.291446
0.411756 0.255595 0.291529
0.413485 0.255432 0.291602
0.415241 0.255262 0.291667
0.41699 0.255084 0.291725
0.41875 0.254897 0.291775
0.420478 0.254702 0.291816
0.42227 0.254498 0.291851
0.424066 0.254286 0.291876
0.425858 0.254064 0.291894
0.427706 0.253834 0.291904
0.429526 0.253595 0.291907
0.431358 0.253347 0.291901
0.433231 0.25309 0.291887
0.435083 0.252819 0.291865
0.436942 0.252535 0.291834
0.438887 0.252237 0.291793
0.440766 0.251928 0.291745
0.442633 0.251607 0.291687
0.444525 0.251276 0.291621
0.446425 0.250935 0.291547
0.448348 0.250584 0.291463
0.450286 0.250223 0.291369
0.452239 0.24985 0.291265
0.454206 0.249467 0.291152
0.456183 0.249073 0.291028
0.458182 0.248668 0.290894
0.460179 0.248251 0.29075
0.462169 0.247823 0.290594
0.464192 0.247383 0.290429
0.466223 0.246932 0.290253
0.468274 0.24647 0.290068
0.470324 0.245996 0.289871
0.472369 0.24551 0.289664
0.474446 0.245013 0.289446
0.476527 0.244505 0.289219
0.478601 0.243987 0.288981
0.480703 0.243458 0.288735
0.482815 0.242919 0.288478
0.484949 0.24237 0.288213
0.487078 0.241811 0.287938
0.489226 0.24124 0.287654
0.491384 0.240659 0.287362
0.49356 0.240068 0.287059
0.495742 0.239466 0.286746
0.497951 0.238853 0.286421
0.500159 0.238228 0.286083
0.50241 0.237594 0.285731
0.504669 0.236949 0.285365
0.506947 0.236294 0.284981
0.509253 0.23563 0.284581
0.511567 0.234955 0.284161
0.513884 0.23427 0.283721
0.516246 0.233576 0.283261
0.518606 0.232873 0.282778
0.520992 0.23216 0.282273
0.523402 0.23144 0.281744
0.525812 0.23071 0.281191
0.528253 0.229971 0.280614
0.530693 0.229225 0.280013
0.533176 0.228469 0.279386
0.535624 0.227709 0.278736
0.538086 0.226955 0.278062
0.540556 0.226185 0.277367
0.54306 0.225431 0.276648
0.545592 0.224659 0.275908
0.548121 0.223896 0.275144
0.550677 0.223124 0.274358
0.55322 0.222352 0.27355
0.555763 0.221577 0.272721
0.55833 0.220796 0.271871
0.560908 0.220008 0.271002
0.563498 0.219214 0.270112
0.566084 0.21841 0.269204
0.568704 0.217598 0.268277
0.571339 0.216782 0.267331
0.573999 0.215954 0.266367
0.576659 0.215108 0.265385
0.579358 0.214247 0.264385
0.582087 0.213372 0.263368
0.584845 0.212476 0.262333
0.587607 0.211552 0.261281
0.590399 0.210608 0.260211
0.593226 0.209635 0.259123
0.596069 0.208637 0.258015
0.598943 0.207606 0.256887
0.601825 0.206549 0.255737
0.604747 0.205455 0.254563
0.607694 0.204335 0.253365
0.610676 0.203177 0.252141
0.613668 0.201991 0.250889
0.616701 0.200773 0.249608
0.619748 0.19952 0.248296
0.622819 0.198238 0.246953
0.625921 0.196921 0.245577
0.629036 0.195576 0.244167
0.632165 0.194203 0.242725
0.635337 0.192798 0.241249
0.638526 0.191366 0.239738
0.641724 0.189904 0.238192
0.644959 0.188417 0.236611
0.648215 0.186905 0.234993

