0.00400262
0.0036958
0.00400117
0.00369598
0.00399979
0.00369621
0.00399808
0.00369643
0.00399655
0.00369669
0.00399482
0.00369682
0.00399289
0.00369717
0.00399051
0.00369745
0.00398919
0.0036979
0.00398701
0.00369843
0.00398502
0.00369886
0.00398358
0.00369941
0.00398123
0.00369987
0.00397954
0.0037004
0.00397688
0.00370089
0.00397464
0.00370126
0.00397175
0.00370148
0.00396946
0.00370172
0.00396611
0.00370195
0.00396179
0.00370191
0.00395908
0.00370196
0.0039551
0.00370212
0.00394812
0.00370193
0.00394529
0.00370251
0.00393019
0.00370069
0.00393095
0.0036991
0.00393061
0.00369794
0.0039296
0.00369696
0.00392866
0.00369599
0.00392816
0.00369519
0.00392739
0.00369458
0.00392667
0.00369447
0.00392552
0.00369463
0.00392432
0.00369495
0.00392314
0.00369526
0.00392181
0.00369557
0.0039205
0.00369598
0.00391981
0.00369656
0.00391834
0.00369717
0.0039164
0.00369745
0.00391491
0.00369781
0.0039125
0.0036979
0.00391122
0.00370305
0.00386869
0.00370361
0.00385894
0.00370371
0.00384913
0.00370424
0.00383933
0.00370499
0.00382978
0.0037057
0.00382074
0.00370634
0.00381241
0.00370695
0.00380436
0.00370776
0.00379654
0.00370891
0.00378909
0.00371035
0.00378212
0.00371198
0.00377565
0.00371369
0.00376953
0.0037153
0.00376373
0.00371701
0.00375797
0.00371864
0.0037523
0.00372013
0.00374682
0.00372141
0.00374131
0.00372245
0.00373562
0.00372318
0.00372986
0.00372355
0.00372404
0.00372365
0.00371794
0.00372345
0.00371168
0.00372298
0.00370528
0.0037223
0.00369873
0.00372141
0.0036921
0.0037204
0.00368543
0.00371927
0.00367868
0.00371814
0.00367209
0.00371704
0.00366549
0.00371589
0.00365908
0.0037148
0.00365295
0.00371382
0.00364686
0.00371294
0.00364092
0.00371216
0.00363514
0.00371148
0.00362952
0.00371091
0.00362405
0.00371032
0.00361911
0.00370987
0.00361394
0.00370948
0.00360887
0.00370911
0.00360386
0.00370879
0.00359893
0.00370849
0.00359404
0.00370821
0.00358921
0.00370793
0.0035844
0.00370766
0.00357967
0.0037073
0.00357486
0.00370698
0.0035701
0.00370661
0.00356534
0.00370619
0.00356055
0.00370576
0.00355565
0.0037052
0.00355089
0.00370465
0.00354586
0.00370407
0.00354114
0.00370355
0.00353635
0.00370281
0.00353182
0.00370225
0.00352731
0.00370171
0.00352286
0.00370114
0.0035184
0.00370042
0.00351404
0.00369979
0.0035096
0.00369914
0.00350514
0.00369832
0.00350078
0.00369754
0.00349634
0.00369675
0.00349185
0.00369592
0.00348731
0.00372265
0.00350981
0.00377256
0.00355516
0.00384119
0.00361882
0.00392465
0.00369709
0.00401906
0.00378622
0.00412039
0.00388231
0.00422526
0.00398227
0.004331
0.0040833
0.00443607
0.00418336
0.00453877
0.00428144
0.00463791
0.00437558
0.00473226
0.00446549
0.00482085
0.00455075
0.00490357
0.00463008
0.00497983
0.00470295
0.00504959
0.00476935
0.0051124
0.00482881
0.00516842
0.00488171
0.00521753
0.00492769
0.0052597
0.00496679
0.00529468
0.00499878
0.00532234
0.00502357
0.00534239
0.005041
0.0053546
0.00505077
0.00535885
0.00505266
0.0053547
0.00504662
0.00534222
0.0050323
0.00532129
0.00500976
0.00529177
0.00497947
0.00525419
0.00494067
0.00520871
0.00489501
0.0051558
0.00484207
0.00509615
0.00478227
0.00503064
0.00471694
0.00495988
0.00464642
0.00488463
0.00457145
0.0048056
0.00449273
0.00472337
0.00441116
0.00463841
0.00432714
0.00455107
0.00424109
0.0044617
0.00415319
0.00437049
0.00406389
0.00427743
0.00397274
0.00418263
0.00388028
0.00408599
0.00378611
0.00398718
0.00368994
0.0038859
0.00359158
0.00378186
0.0034908
0.00367469
0.0033872
0.00356415
0.00328055
0.00341836
0.00313889
0.0032437
0.00296862
0.00304672
0.00277599
0.00283289
0.00256674
0.00260641
0.00234495
0.00237125
0.00211457
0.00213052
0.00187788
0.00188541
0.00163837
0.00163774
0.00139566
0.00138757
0.00115046
0.00113555
0.000904179
0.000882773
0.000655709
0.000629049
0.000405936
0.000374439
0.000154944
0.000118802
-9.73357e-05
-0.000137904
-0.000350982
-0.000395973
-0.00060581
-0.000654328
-0.000862471
-0.00091329
-0.00111961
-0.00117187
-0.00137679
-0.00142849
-0.00163324
-0.00168252
-0.00188696
-0.00193231
-0.00213644
-0.00217636
-0.00238
-0.00241291
-0.00261637
-0.00264064
-0.00284415
-0.00285843
-0.00306215
-0.00305799
-0.00326762
-0.0032391
-0.00345405
-0.003402
-0.00362239
-0.00354709
-0.00377275
-0.00367485
-0.00390617
-0.00378592
-0.00402291
-0.00388083
-0.00412406
-0.00396002
-0.00421061
-0.00402517
-0.00428238
-0.00407652
-0.00434019
-0.00411458
-0.00438437
-0.00414092
-0.00441587
-0.00415512
-0.00443495
-0.004158
-0.00444311
-0.00415038
-0.00444219
-0.00413355
-0.00443337
-0.00410903
-0.00441793
-0.00407779
-0.00439682
-0.00404153
-0.00437072
-0.00400099
-0.00434017
-0.00395697
-0.00430581
-0.00391006
-0.00426841
-0.00386044
-0.00422868
-0.00380803
-0.00418739
-0.003756
-0.00414538
-0.00370324
-0.00410357
-0.0036506
-0.00406283
-0.0035993
-0.00402391
-0.00354993
-0.00398743
-0.00350306
-0.00395395
-0.00345928
-0.00392404
-0.00341914
-0.00389821
-0.00338311
-0.00387689
-0.00335167
-0.00386052
-0.00332528
-0.00384945
-0.00330433
-0.00384402
-0.00328911
-0.00384455
-0.00327983
-0.00385126
-0.00327662
-0.00386433
-0.0032796
-0.00388391
-0.00328889
-0.00391009
-0.00330455
-0.0039429
-0.00332745
-0.00398233
-0.00335695
-0.00402832
-0.00339296
-0.00408074
-0.00343523
-0.00413945
-0.00348354
-0.00420588
-0.0035376
-0.004279
-0.00359722
-0.00435857
-0.00366215
-0.00444421
-0.00373217
-0.00453553
-0.00380693
-0.00463223
-0.00388614
-0.004734
-0.00396953
-0.00484045
-0.00405682
-0.00495116
-0.00414767
-0.0050657
-0.00424165
-0.00518367
-0.00433903
-0.0053047
-0.00443917
-0.00542833
-0.00454177
-0.0055541
-0.00464684
-0.00568158
-0.00475337
-0.00581035
-0.0048608
-0.00593967
-0.00496869
-0.00606932
-0.00507679
-0.00619885
-0.00518467
-0.00632798
-0.00529196
-0.00645645
-0.00539866
-0.00658651
-0.00550407
-0.00671632
-0.00560774
-0.00684549
-0.00570929
-0.00697335
-0.00580847
-0.00709938
-0.00590511
-0.00722342
-0.00599921
-0.00734541
-0.00609071
-0.00746523
-0.00617961
-0.00758268
-0.0062658
-0.00769758
-0.0063491
-0.00780982
-0.00642938
-0.00791932
-0.00650659
-0.008026
-0.00658075
-0.00812974
-0.00665186
-0.00823052
-0.0067199
-0.00832838
-0.00678482
-0.00842341
-0.00684674
-0.00851561
-0.00690572
-0.00860503
-0.00696184
-0.00869169
-0.0070152
-0.00877569
-0.00706585
-0.00885716
-0.00711392
-0.00893621
-0.00715957
-0.00901295
-0.00720294
-0.00908751
-0.00724417
-0.00916007
-0.00728342
-0.00923081
-0.00732083
-0.0092999
-0.00735661
-0.00936748
-0.00739095
-0.00943373
-0.00742404
-0.00949885
-0.00745603
-0.00956302
-0.00748712
-0.00962645
-0.00751752
-0.00968927
-0.00754742
-0.00975172
-0.00757698
-0.00981393
-0.00760637
-0.00987611
-0.00763572
-0.00993842
-0.00766522
-0.010001
-0.00769502
-0.010064
-0.00772528
-0.0101275
-0.00775612
-0.0101917
-0.00778767
-0.0102568
-0.00782004
-0.0103228
-0.00785335
-0.0103898
-0.0078877
-0.0104579
-0.00792317
-0.0105272
-0.00795982
-0.0105978
-0.00799772
-0.0106698
-0.00803692
-0.0107431
-0.00807746
-0.0108179
-0.00811934
-0.010894
-0.00816257
-0.0109716
-0.00820717
-0.0110506
-0.00825311
-0.0111311
-0.00830037
-0.0112129
-0.00834896
-0.0112962
-0.00839879
-0.0113808
-0.00844985
-0.0114649
-0.00850206
-0.0115472
-0.00855533
-0.0116276
-0.00860961
-0.0117061
-0.00866188
-0.0117828
-0.00871199
-0.0118576
-0.00875991
-0.0119305
-0.00880567
-0.0120014
-0.00884921
-0.0120705
-0.00889053
-0.0121376
-0.00892978
-0.0122028
-0.00896673
-0.012266
-0.00900152
-0.0123272
-0.00903393
-0.0123861
-0.00906401
-0.0124429
-0.00909178
-0.0124975
-0.0091169
-0.0125497
-0.00913938
-0.0125993
-0.00915935
-0.0126466
-0.00917652
-0.0126912
-0.00919094
-0.012733
-0.00920246
-0.012772
-0.00921103
-0.0128082
-0.00921657
-0.0128415
-0.00921904
-0.0128717
-0.00921822
-0.0128987
-0.00921409
-0.0129225
-0.00920661
-0.0129429
-0.0091957
-0.0129601
-0.00918131
-0.0129738
-0.00916341
-0.012984
-0.00914195
-0.0129907
-0.00911692
-0.0129939
-0.00908836
-0.0129935
-0.0090559
-0.0129893
-0.00901956
-0.0129812
-0.00897941
-0.0129694
-0.00893561
-0.0129539
-0.00888793
-0.0129346
-0.00883647
-0.0129115
-0.00878105
-0.0128845
-0.00872194
-0.0128537
-0.00865907
-0.0128191
-0.00859218
-0.0127805
-0.00852136
-0.0127379
-0.00844669
-0.0126916
-0.00836817
-0.0126414
-0.00828595
-0.0125875
-0.00820001
-0.0125299
-0.00811034
-0.0124686
-0.00801686
-0.0124034
-0.00791964
-0.0123345
-0.00781884
-0.012262
-0.00771453
-0.012186
-0.00760646
-0.0121062
-0.00749477
-0.0120227
-0.00737957
-0.0119358
-0.00726084
-0.0118454
-0.00713865
-0.0117515
-0.00701307
-0.0116542
-0.00688417
-0.0115536
-0.00675198
-0.0114497
-0.00661642
-0.0113424
-0.00647755
-0.0112318
-0.00633544
-0.011118
-0.00619024
-0.011001
-0.0060418
-0.0108808
-0.00589037
-0.0107575
-0.00573573
-0.0106311
-0.00557792
-0.0105014
-0.00541698
-0.0103686
-0.00525288
-0.0102326
-0.00508563
-0.0100935
-0.00491532
-0.00995134
-0.00474198
-0.00980605
-0.0045657
-0.00965782
-0.00438624
-0.00950637
-0.00420352
-0.00935166
-0.00401759
-0.00919373
-0.00382852
-0.00903268
-0.00363629
-0.00886848
-0.00344078
-0.00870104
-0.00324201
-0.00853029
-0.00303991
-0.00835624
-0.00283456
-0.00817892
-0.00262596
-0.00799821
-0.00241391
-0.00781401
-0.00219844
-0.00762623
-0.00197946
-0.00743485
-0.00175687
-0.00723992
-0.00153072
-0.0070414
-0.00130097
-0.00683926
-0.0010676
-0.00663344
-0.000830636
-0.00642405
-0.000590023
-0.00621091
-0.000345458
-0.00599377
-9.69888e-05
-0.00577273
0.000155413
-0.00554776
0.000411579
-0.00531903
0.000671777
-0.00508628
0.000935982
-0.00484953
0.00120422
-0.00460876
0.0014765
-0.004364
0.00175291
-0.00411509
0.0020335
-0.00386198
0.00231834
-0.00360461
0.00260757
-0.00334291
0.00290117
-0.00307687
0.00319894
-0.00280659
0.00350097
-0.00253195
0.00380769
-0.00225256
0.00411911
-0.00196844
0.00443509
-0.00167981
0.00475573
-0.00138662
0.00508092
-0.00108885
0.0054104
-0.000786899
0.00574463
-0.000479941
0.00608346
-0.000168391
0.00642709
0.000148228
0.0067756
0.000469643
0.00712904
0.000795969
0.00748724
0.00112709
0.00785018
0.00146237
0.00821662
0.00180327
0.00858806
0.00214988
0.00896446
0.00250205
0.00934572
0.00285932
0.00973167
0.0032213
0.0101223
0.00358808
0.0105174
0.00395936
0.0109175
0.00433564
0.0113229
0.00471669
0.0117333
0.00510227
0.0121483
0.00549188
0.0125673
0.00588608
0.0129868
0.00628465
0.013414
0.00669208
0.0138489
0.00710692
0.0142772
0.00754334
0.0147028
0.00800232
0.0151253
0.00848063
0.015546
0.00897511
0.0159625
0.00948177
0.0163708
0.00999621
0.0167702
0.0105149
0.0171597
0.0110346
0.0175407
0.0115523
0.0179129
0.0120654
0.0182754
0.012572
0.018627
0.0130703
0.0189673
0.0135581
0.0192964
0.014034
0.019614
0.0144968
0.0199195
0.0149459
0.0202125
0.015381
0.0204931
0.0158028
0.0207617
0.0162118
0.0210187
0.0166089
0.0212645
0.0169955
0.0214994
0.0173733
0.0217235
0.0177439
0.0219373
0.018111
0.0221506
0.0184604
0.0223675
0.0188198
0.0225878
0.0191572
0.0228091
0.0194936
0.0230309
0.0198273
0.0232531
0.0201588
0.0234757
0.0204877
0.0236966
0.0208144
0.0239164
0.0211297
0.0241344
0.0214441
0.0243504
0.0217523
0.0245646
0.0220545
0.0247758
0.0223508
0.0249836
0.0226407
0.0251845
0.0229499
0.0253815
0.0232301
0.0255743
0.0235018
0.0257629
0.0237653
0.025948
0.0240212
0.0261299
0.0242706
0.0263084
0.0245144
0.0264834
0.0247527
0.0266554
0.0249853
0.0268242
0.0252123
0.02699
0.0254339
0.0271521
0.0256496
0.027311
0.0258599
0.0274667
0.0260656
0.0276185
0.0262654
0.0277669
0.0264594
0.0279116
0.0266482
0.0280522
0.0268309
0.0281887
0.0270082
0.0283208
0.0271786
0.0284485
0.0273434
0.0285717
0.0275022
0.0286902
0.0276546
0.0288042
0.0278018
0.0289138
0.0279428
0.0290188
0.0280779
0.0291196
0.0282074
0.0292163
0.0283316
0.0293092
0.028451
0.0293982
0.0285651
0.0294838
0.0286748
0.0295661
0.0287797
0.0296451
0.0288816
0.0297212
0.028979
0.0297945
0.0290719
0.0298648
0.0291627
0.0299327
0.0292492
0.0299981
0.0293318
0.0300608
0.0294125
0.030121
0.0294892
0.0301788
0.0295618
0.0302338
0.0296328
0.0302862
0.0296996
0.0303359
0.0297619
0.0303827
0.0298221
0.0304268
0.0298782
0.0304677
0.029931
0.0305057
0.0299792
0.0305406
0.030024
0.0305723
0.0300661
0.0306009
0.0301041
0.0306263
0.0301382
0.0306485
0.0301687
0.0306676
0.0301957
0.0306835
0.03022
0.0306963
0.0302388
0.0307058
0.0302558
0.0307121
0.0302692
0.0307154
0.0302794
0.0307152
0.0302859
0.0307119
0.0302893
0.0307057
0.0302888
0.0306964
0.030285
0.0306841
0.0302787
0.0306688
0.0302679
0.0306504
0.0302562
0.0306291
0.0302399
0.0306049
0.0302213
0.030579
0.0301899
0.0305494
0.0301627
0.030517
0.0301327
0.0304818
0.0300996
0.0304439
0.0300637
0.0304034
0.0300252
0.0303603
0.029984
0.0303147
0.0299403
0.0302667
0.0298941
0.0302166
0.0298453
0.0301641
0.0297944
0.0301095
0.0297414
0.0300527
0.0296862
0.0299938
0.0296288
0.0299329
0.0295693
0.0298701
0.0295077
0.0298052
0.029444
0.0297382
0.0293782
0.0296692
0.0293104
0.0295982
0.0292405
0.0295252
0.0291686
0.0294503
0.0290946
0.0293735
0.0290187
0.0292946
0.0289408
0.0292139
0.0288609
0.0291313
0.0287792
0.0290468
0.0286957
0.0289604
0.0286103
0.0288722
0.0285231
0.0287822
0.0284341
0.0286903
0.0283439
0.0285965
0.0282516
0.028501
0.0281578
0.0284038
0.0280624
0.0283048
0.0279653
0.028204
0.0278667
0.0281016
0.0277662
0.0279974
0.027664
0.0278917
0.0275602
0.0277843
0.0274548
0.0276752
0.0273477
0.0275646
0.0272387
0.0274523
0.0271302
0.0273387
0.0270188
0.0272252
0.0268947
0.0271095
0.0267779
0.0269922
0.0266595
0.0268735
0.0265399
0.0267536
0.0264193
0.0266324
0.0262976
0.02651
0.0261748
0.0263865
0.0260511
0.026262
0.0259261
0.0261365
0.025801
0.02601
0.0256746
0.0258827
0.0255475
0.0257545
0.0254196
0.0256254
0.0252906
0.0254954
0.0251608
0.0253646
0.0250303
0.0252329
0.024899
0.0251004
0.0247669
0.0249672
0.0246341
0.0248331
0.0245007
0.0246982
0.0243665
0.0245627
0.0242315
0.0244264
0.0240962
0.0242893
0.0239601
0.0241516
0.0238233
0.0240134
0.0236859
0.0238752
0.0235434
0.0237361
0.0234043
0.0235963
0.0232641
0.0234559
0.0231236
0.0233151
0.0229827
0.0231737
0.0228414
0.0230319
0.0226998
0.0228896
0.0225586
0.022747
0.0224178
0.022604
0.0222808
0.0224614
0.022136
0.0223186
0.0219907
0.0221756
0.0218453
0.0220324
0.0216997
0.0218889
0.0215542
0.0217454
0.0214086
0.0216018
0.021263
0.0214583
0.0211173
0.0213146
0.0209719
0.0211709
0.0208262
0.0210271
0.0206805
0.0208833
0.0205347
0.0207394
0.0203888
0.0205955
0.0202429
0.0204516
0.0200971
0.0203075
0.0199512
0.0201635
0.0198054
0.0200194
0.0196596
0.0198754
0.0195139
0.0197315
0.0193683
0.0195876
0.0192229
0.0194439
0.0190777
0.0193002
0.0189326
0.0191568
0.0187876
0.0190136
0.018643
0.0188706
0.0184986
0.0187277
0.0183545
0.0185851
0.0182108
0.0184428
0.0180674
0.0183008
0.0179243
0.0181592
0.0177817
0.018018
0.0176395
0.0178772
0.0174977
0.0177367
0.0173565
0.0175967
0.0172155
0.0174569
0.0170751
0.0173176
0.0169349
0.0171786
0.0167953
0.0170401
0.0166564
0.016902
0.0165179
0.0167644
0.01638
0.0166273
0.0162426
0.0164908
0.0161057
0.0163549
0.0159699
0.0162195
0.0158345
0.0160847
0.0156996
0.0159506
0.0155654
0.0158171
0.0154317
0.0156842
0.0152986
0.0155519
0.0151663
0.0154202
0.0150348
0.015289
0.0149041
0.0151586
0.0147739
0.0150287
0.0146443
0.0148996
0.0145156
0.0147711
0.0143873
0.0146431
0.0142597
0.014516
0.0141328
0.0143894
0.0140068
0.0142635
0.013881
0.0141382
0.0137562
0.0140138
0.0136323
0.01389
0.0135093
0.013767
0.0133869
0.013645
0.0132655
0.0135237
0.0131448
0.0134032
0.0130252
0.0132834
0.0129064
0.0131645
0.0127885
0.0130466
0.0126715
0.0129295
0.0125554
0.0128132
0.0124402
0.0126979
0.0123259
0.0125833
0.0122125
0.0124696
0.0121
0.0123568
0.0119884
0.0122449
0.0118776
0.0121338
0.0117678
0.0120235
0.0116589
0.0119143
0.0115509
0.0118059
0.0114439
0.0116983
0.0113377
0.0115917
0.0112325
0.011486
0.0111283
0.0113814
0.011025
0.0112776
0.0109227
0.0111748
0.0108214
0.0110729
0.0107211
0.010972
0.0106218
0.0108721
0.0105236
0.0107733
0.0104263
0.0106756
0.0103302
0.010579
0.0102351
0.0104831
0.0101412
0.0103889
0.0100483
0.010295
0.00995649
0.0102021
0.00986582
0.0101108
0.00977602
0.0100202
0.00968726
0.0099306
0.00959948
0.00984194
0.00951263
0.00975392
0.00942695
0.00966708
0.009342
0.00958096
0.00925822
0.00949576
0.00917536
0.00941142
0.00909353
0.00932824
0.00901262
0.00924565
0.00893282
0.00916434
0.00885395
0.00908361
0.00877614
0.00900397
0.00869937
0.00892532
0.00862351
0.00884741
0.00854875
0.00877072
0.00847492
0.00869478
0.00840207
0.00861995
0.00833021
0.0085458
0.00825931
0.0084726
0.00818922
0.00840014
0.00812048
0.0083285
0.00805223
0.00825759
0.00798488
0.00818755
0.0079185
0.00811848
0.00785298
0.00805029
0.00778857
0.00798306
0.00772511
0.00791676
0.00766263
0.00785145
0.00760113
0.00778706
0.00754059
0.00772373
0.00748097
0.00766114
0.00742235
0.00759963
0.0073646
0.00753895
0.00730787
0.00747941
0.00725203
0.00742083
0.0071971
0.007363
0.00714324
0.00730629
0.00709021
0.00725054
0.00703812
0.00719576
0.006987
0.0071419
0.00693691
0.00708907
0.00688772
0.00703724
0.00683949
0.00698641
0.00679221
0.0069366
0.00674589
0.00688774
0.00670066
0.00683989
0.00665624
0.00679303
0.00661274
0.00674712
0.00657021
0.00670213
0.00652868
0.00665803
0.00648815
0.00661469
0.00644875
0.00657229
0.00641007
0.00653072
0.00637225
0.00648997
0.00633529
0.0064498
0.00629905
0.00641035
0.00626358
0.0063716
0.00622884
0.00633359
0.00619484
0.00629648
0.0061616
0.00626001
0.00612915
0.00622429
0.00609751
0.00618935
0.00606668
0.00615539
0.00603661
0.00612217
0.00600739
0.00608973
0.00597901
0.00605799
0.00595144
0.00602717
0.00592474
0.00599717
0.00589884
0.00596814
0.00587376
0.00593975
0.0058495
0.0059123
0.00582597
0.00588547
0.00580321
0.00585933
0.0057812
0.00583392
0.00575989
0.00580919
0.00573935
0.00578516
0.00571954
0.00576199
0.00570042
0.00573937
0.00568195
0.00571744
0.00566416
0.00569621
0.00564714
0.00567548
0.00563067
0.00565549
0.00561494
0.00563613
0.00559987
0.00561734
0.00558545
0.0055994
0.00557165
0.00558221
0.0055585
0.00556552
0.00554595
0.00554957
0.00553403
0.00553394
0.00552276
0.00551921
0.00551198
0.00550515
0.00550192
0.00549191
0.00549232
0.00547935
0.00548322
0.00546747
0.00547468
0.00545632
0.00546664
0.0054457
0.00545896
0.00543565
0.00545196
0.00542626
0.00544549
0.00541714
0.00543967
0.00540876
0.0054344
0.00540102
0.00542976
0.00539348
0.00542553
0.00538661
0.00542182
0.00538025
0.00541865
0.00537452
0.00541601
0.0053692
0.00541389
0.00536447
0.00541227
0.00536024
0.00541113
0.00535635
0.00541052
0.00535317
0.00541034
0.00535066
0.00541054
0.00534847
0.00541121
0.00534651
0.00541238
0.00534478
0.00541407
0.00534335
0.00541625
0.00534234
0.00541896
0.00534171
0.00542211
0.00534141
0.0054257
0.00534143
0.00542972
0.00534174
0.00543409
0.00534238
0.00543882
0.0053432
0.00544388
0.00534443
0.00544924
0.00534646
0.00545483
0.00534846
0.00546066
0.00535585
0.00546634
0.00535933
0.00547222
0.00536294
0.00547803
0.00536641
0.0054842
0.00536993
0.00549104
0.00537403
0.0054985
0.00537882
0.00550651
0.00538426
0.00551505
0.00539018
0.0055242
0.00539653
0.00553397
0.0054033
0.00554423
0.00541045
0.00555487
0.00541794
0.00556581
0.00542572
0.00557703
0.00543376
0.00558847
0.00544199
0.00560005
0.00545035
0.00561172
0.00545992
0.00562332
0.00547133
0.00563451
0.0054801
0.005646
0.00548738
0.00565763
0.00549596
0.00566912
0.0055057
0.00568056
0.00551497
0.00569214
0.00552431
0.0057038
0.00553436
0.00571562
0.00554473
0.00572753
0.00555541
0.00573956
0.00556637
0.00575225
0.00557813
0.00576517
0.0055897
0.00577793
0.00560218
0.00579115
0.00561514
0.0058047
0.00562824
0.00581869
0.00564171
0.00583236
0.00565529
0.0058466
0.00566912
0.00586096
0.00568312
0.0058754
0.00569704
0.00588968
0.00571106
0.00590393
0.005725
0.00591818
0.00573907
0.00593242
0.00575309
0.00594603
0.00576701
0.00596013
0.00578086
0.00597418
0.00579508
0.00598802
0.00580893
0.00600203
0.00582294
0.00601597
0.00583682
0.00603023
0.00585106
0.00604418
0.00586541
0.00605857
0.0058797
0.00607276
0.00589425
0.00608708
0.00590852
0.00610431
0.00592334
0.00611878
0.00593813
0.00613439
0.00595302
0.00614964
0.00596799
0.00616499
0.00598304
0.0061805
0.00599821
0.00619605
0.00601306
0.00621576
0.00602874
0.00622936
0.00604437
0.00624302
0.00605925
0.00626196
0.00607384
0.00626927
0.0060869
0.0062872
0.00610008
0.00630394
0.00611372
0.00632021
0.00612756
0.00633674
0.00614138
0.00635403
0.00615538
0.00637147
0.00616975
0.00638894
0.00618459
0.00640629
0.00619974
0.0064243
0.0062151
0.00644238
0.00623034
0.00646068
0.00624571
0.00647828
0.00626103
0.00649648
0.00627636
0.00651379
0.0062914
0.00653154
0.0063063
0.00654868
0.00632096
0.00656586
0.00633546
0.00658245
0.00634971
0.0065985
0.00636365
0.00661439
0.00637731
0.00662926
0.00639072
0.00664376
0.00640399
0.00665738

