-0.00711096 0.00298301 0.00290312
-0.00711206 0.00298217 0.0029176
-0.00711421 0.00298276 0.00292231
-0.00711564 0.00298304 0.00292721
-0.00711508 0.00298274 0.00293222
-0.00711479 0.0029852 0.00291282
-0.00711366 0.00298541 0.00290993
-0.0071143 0.00298553 0.00290994
-0.00711674 0.00298344 0.00293117
-0.00712011 0.00298351 0.00293724
-0.00712164 0.0029835 0.00294186
-0.00712038 0.00298309 0.00294476
-0.00711902 0.00298263 0.00294572
-0.00711919 0.00298242 0.00294542
-0.00712085 0.0029825 0.00294476
-0.00712355 0.00298343 0.00294018
-0.00712595 0.00298416 0.00293897
-0.00712776 0.00298459 0.00294122
-0.00712651 0.00298428 0.00294264
-0.00712331 0.00298315 0.002943
-0.00711971 0.00298188 0.00294204
-0.00711833 0.00298118 0.00294086
-0.00711991 0.0029806 0.00294025
-0.00712307 0.00298039 0.00294039
-0.00712723 0.00298046 0.00294158
-0.00713171 0.00298106 0.00294292
-0.00713602 0.00298235 0.00294479
-0.00714078 0.00298412 0.00294732
-0.00714539 0.00298622 0.00295013
-0.00714841 0.00298835 0.00295271
-0.00715099 0.00299045 0.00295594
-0.00715249 0.00299234 0.00295906
-0.00715375 0.00299397 0.00296149
-0.00715438 0.00299526 0.00296394
-0.00715471 0.00299616 0.00296609
-0.00715453 0.00299664 0.00296826
-0.00715426 0.00299675 0.00296979
-0.00715441 0.00299665 0.00297096
-0.00715389 0.00299614 0.00297201
-0.00715326 0.00299532 0.00297277
-0.00715244 0.00299459 0.00297305
-0.00715181 0.00299322 0.00297306
-0.00715132 0.00299184 0.00297263
-0.00715108 0.00299024 0.00297207
-0.00715074 0.00298876 0.00297118
-0.0071507 0.00298738 0.00296993
-0.00715082 0.00298616 0.00296866
-0.00715109 0.00298513 0.00296738
-0.00715178 0.00298365 0.00296588
-0.0071526 0.00298325 0.00296488
-0.007155 0.002983 0.00296365
-0.00715699 0.00298342 0.00296323
-0.00715859 0.00298391 0.00296255
-0.00716046 0.00298456 0.0029621
-0.00716218 0.0029852 0.0029619
-0.00716405 0.00298631 0.00296102
-0.00716586 0.00298758 0.00296026
-0.00716744 0.0029886 0.0029599
-0.00716932 0.00299038 0.00295865
-0.00717047 0.00299135 0.0029584
-0.0071718 0.00299235 0.00295781
-0.0071728 0.00299283 0.00295765
-0.00717374 0.0029936 0.0029574
-0.00717473 0.00299426 0.00295656
-0.00717555 0.0029947 0.00295595
-0.00717616 0.0029949 0.00295605
-0.00717678 0.00299516 0.00295414
-0.00717725 0.00299515 0.00295331
-0.00717785 0.00299499 0.00295271
-0.00717911 0.00299326 0.00296684
-0.00718231 0.00299413 0.00295983
-0.00718286 0.00299491 0.00295355
-0.00718241 0.00299542 0.0029476
-0.00718267 0.00299588 0.00294189
-0.00718434 0.00299636 0.00293694
-0.00718665 0.00299646 0.00293291
-0.00718906 0.00299702 0.00293036
-0.00719121 0.00299755 0.00292798
-0.007193 0.00299816 0.00292587
-0.00719445 0.0029988 0.00292404
-0.00719525 0.00299927 0.00292241
-0.00719669 0.00299967 0.00292102
-0.00719736 0.00299999 0.00292001
-0.00719787 0.00300024 0.00291908
-0.0074602 0.00305537 0.00297252
-0.00774325 0.00315782 0.00307243
-0.00801636 0.00329803 0.00320939
-0.0082655 0.00346616 0.00337384
-0.00848424 0.00365223 0.00355664
-0.00866941 0.00384786 0.00374847
-0.00882201 0.00404487 0.00394234
-0.00894657 0.00423818 0.00413308
-0.00904954 0.0044227 0.00432902
-0.00913563 0.00459917 0.00450826
-0.00920632 0.00476403 0.00467659
-0.00926156 0.00491684 0.00482206
-0.00930037 0.00505032 0.00498898
-0.00932874 0.00517428 0.00509937
-0.00933918 0.00528292 0.00519526
-0.00933266 0.00537619 0.00527684
-0.00931209 0.00545519 0.00534475
-0.00927755 0.0055192 0.00539992
-0.00922766 0.00556919 0.00544308
-0.00916111 0.00560572 0.0054741
-0.0090774 0.00562919 0.0054927
-0.00897698 0.00563996 0.00549881
-0.0088582 0.00563699 0.00549318
-0.00872196 0.00562063 0.00547419
-0.00856871 0.00559054 0.00544258
-0.00839827 0.00554657 0.00539795
-0.00821131 0.00548859 0.00534031
-0.0080089 0.00541656 0.00526949
-0.0077929 0.00533103 0.00518587
-0.00756243 0.00523235 0.00508991
-0.00732141 0.0051213 0.00498209
-0.00707117 0.00499881 0.00486341
-0.00681364 0.00486614 0.00473508
-0.00655058 0.00472481 0.00459828
-0.00628376 0.00457595 0.00445487
-0.00601396 0.00442195 0.00430585
-0.00574241 0.00426401 0.00415301
-0.00546943 0.00410353 0.00399751
-0.00519534 0.00394164 0.00384053
-0.00491996 0.00377911 0.00368302
-0.00464301 0.00361675 0.00352565
-0.00436403 0.00345494 0.00336887
-0.00408249 0.0032938 0.00321282
-0.0037976 0.00313325 0.00305742
-0.00350812 0.00297291 0.00290234
-0.00321399 0.00281242 0.00274723
-0.0029135 0.00265116 0.00259147
-0.00260591 0.00248842 0.00243438
-0.0022903 0.00232345 0.00227521
-0.00196583 0.00215551 0.00211323
-0.00132612 0.00192068 0.00188441
-0.000658672 0.00162842 0.00159836
-5.93093e-06 0.00129372 0.00126939
0.000617735 0.000930815 0.000911655
0.00120928 0.000551432 0.00053705
0.00177047 0.000163792 0.000154957
0.00230623 -0.000224049 -0.000227571
0.00282573 -0.000609765 -0.000607434
0.00333816 -0.000992972 -0.000983986
0.00384904 -0.00137047 -0.00135674
0.00435954 -0.00174437 -0.00172513
0.00486876 -0.00211362 -0.00208862
0.00537593 -0.00247793 -0.00244679
0.00588021 -0.00283749 -0.00280007
0.00638135 -0.00319266 -0.00314887
0.00687807 -0.00354377 -0.00349377
0.00737267 -0.00389164 -0.0038356
0.00786391 -0.00423637 -0.00417487
0.00835167 -0.0045783 -0.00451167
0.00883565 -0.00491624 -0.00484479
0.00931474 -0.00524708 -0.00517466
0.00978562 -0.00556882 -0.00549334
0.0102453 -0.00587806 -0.00579913
0.0106923 -0.00617283 -0.00608858
0.0111268 -0.00645082 -0.00635869
0.0115503 -0.0067091 -0.00660923
0.0119639 -0.00694951 -0.00684061
0.0123684 -0.00715372 -0.00704303
0.0127615 -0.00732236 -0.00720967
0.0131422 -0.00745835 -0.00734286
0.0135132 -0.00756495 -0.00744465
0.0138783 -0.0076449 -0.00751702
0.0142398 -0.00769852 -0.00756226
0.0145987 -0.0077282 -0.0075828
0.0149554 -0.00773546 -0.00758109
0.0153108 -0.00772174 -0.00755948
0.0156657 -0.00768831 -0.00752035
0.0160206 -0.0076382 -0.0074661
0.0163756 -0.00757116 -0.00739906
0.0167306 -0.00749154 -0.00732146
0.0170849 -0.00740171 -0.00723533
0.017438 -0.00730376 -0.00714247
0.0177893 -0.00719967 -0.00704451
0.0181384 -0.00709114 -0.00694359
0.0184855 -0.00697967 -0.00684135
0.0188316 -0.00686672 -0.00673913
0.0191766 -0.00675383 -0.00663829
0.0195199 -0.00664229 -0.00654035
0.0198622 -0.00653331 -0.00644365
0.0202038 -0.00642811 -0.00635075
0.0205448 -0.00632798 -0.00626275
0.0208841 -0.00623412 -0.00618019
0.0212214 -0.00614737 -0.00610467
0.0215555 -0.00606858 -0.00603682
0.0218844 -0.00599834 -0.00598018
0.022208 -0.00593711 -0.00592993
0.0225259 -0.00588508 -0.00588956
0.0228381 -0.00584251 -0.00585951
0.0231459 -0.00580972 -0.00584223
0.0234486 -0.00578698 -0.00583279
0.0237468 -0.00577433 -0.00583421
0.0240401 -0.00577185 -0.00584935
0.0243286 -0.00577962 -0.00587498
0.0246122 -0.00579743 -0.00590838
0.024891 -0.00582522 -0.00595513
0.0251657 -0.00586277 -0.00601187
0.0254356 -0.00591285 -0.00607882
0.0257 -0.00597358 -0.00615304
0.0259611 -0.00604439 -0.00623927
0.0262143 -0.00612459 -0.00633442
0.0264648 -0.00621323 -0.00643829
0.0267142 -0.00630983 -0.00654997
0.0269614 -0.00641412 -0.00666927
0.0272066 -0.00652584 -0.0067961
0.0274494 -0.00664438 -0.00693024
0.0276891 -0.00676908 -0.00707119
0.0279258 -0.00689948 -0.0072182
0.02816 -0.0070351 -0.00737052
0.028394 -0.00717533 -0.00752706
0.0286246 -0.00731957 -0.00768764
0.0288542 -0.00746726 -0.00785187
0.0290811 -0.007618 -0.00802427
0.0293042 -0.00777352 -0.00820127
0.0295218 -0.00792983 -0.00838219
0.0297344 -0.00808923 -0.00856583
0.0299441 -0.00824969 -0.00875112
0.0301535 -0.00841077 -0.00893748
0.0303635 -0.00857209 -0.00912475
0.0305739 -0.0087335 -0.00931269
0.0307845 -0.00889506 -0.00950097
0.0309909 -0.00905644 -0.00968926
0.0311951 -0.00921717 -0.00987735
0.031397 -0.00937686 -0.0100649
0.0315971 -0.00953533 -0.0102516
0.0317945 -0.00969222 -0.0104371
0.0319897 -0.00984742 -0.0106211
0.0321821 -0.0100006 -0.0108034
0.0323718 -0.0101514 -0.0109839
0.032559 -0.0102987 -0.0111624
0.0327442 -0.0104444 -0.0113386
0.032927 -0.0105873 -0.0115124
0.0331074 -0.0107277 -0.0116836
0.0332841 -0.0108653 -0.0118522
0.0334574 -0.0109998 -0.0120178
0.0336275 -0.0111311 -0.0121804
0.0337945 -0.0112592 -0.0123399
0.0339583 -0.0113842 -0.0124962
0.0341205 -0.0115061 -0.0126494
0.0342792 -0.0116248 -0.0127996
0.0344355 -0.0117404 -0.0129467
0.0345889 -0.011853 -0.0130909
0.0347398 -0.0119626 -0.013232
0.034888 -0.0120693 -0.0133701
0.0350339 -0.012173 -0.0135052
0.0351768 -0.0122737 -0.0136375
0.0353172 -0.0123718 -0.0137669
0.035455 -0.0124671 -0.0138936
0.0355905 -0.01256 -0.0140178
0.0357241 -0.0126505 -0.0141395
0.0358547 -0.0127387 -0.0142589
0.0359827 -0.0128246 -0.0143759
0.0361082 -0.0129083 -0.0144908
0.0362316 -0.0129901 -0.0146037
0.0363529 -0.0130701 -0.0147147
0.0364719 -0.0131484 -0.0148241
0.0365882 -0.013225 -0.0149317
0.0367022 -0.0133001 -0.0150378
0.0368139 -0.0133736 -0.0151426
0.0369236 -0.0134459 -0.015246
0.0370313 -0.013517 -0.0153483
0.0371368 -0.0135871 -0.0154495
0.0372398 -0.0136563 -0.01555
0.0373406 -0.0137248 -0.0156497
0.0374392 -0.0137927 -0.0157488
0.0375352 -0.0138601 -0.0158473
0.037629 -0.013927 -0.0159446
0.0377204 -0.0139933 -0.0160365
0.0378093 -0.0140593 -0.0161232
0.0378955 -0.0141228 -0.0162048
0.0379791 -0.0141807 -0.0162816
0.0380599 -0.0142334 -0.0163538
0.0381382 -0.0142816 -0.0164221
0.0382151 -0.0143256 -0.0164868
0.0382898 -0.0143654 -0.0165478
0.0383625 -0.0144014 -0.0166054
0.0384329 -0.014434 -0.01666
0.0385012 -0.0144635 -0.0167119
0.0385674 -0.01449 -0.0167611
0.0386315 -0.0145134 -0.0168074
0.0386933 -0.0145334 -0.0168506
0.0387521 -0.01455 -0.0168906
0.0388082 -0.0145635 -0.0169278
0.0388624 -0.0145741 -0.0169624
0.0389149 -0.0145821 -0.0169945
0.0389658 -0.0145868 -0.0170235
0.0390143 -0.0145882 -0.0170493
0.0390599 -0.0145862 -0.0170718
0.0391032 -0.014581 -0.0170913
0.0391452 -0.0145728 -0.0171079
0.0391846 -0.0145607 -0.0171206
0.039222 -0.0145451 -0.0171298
0.0392572 -0.014526 -0.0171356
0.0392903 -0.0145032 -0.0171379
0.0393216 -0.0144767 -0.0171362
0.0393506 -0.0144457 -0.0171303
0.0393771 -0.0144104 -0.0171199
0.0394014 -0.0143707 -0.0171052
0.0394237 -0.0143268 -0.0170863
0.0394443 -0.0142782 -0.0170628
0.0394632 -0.0142249 -0.0170346
0.0394802 -0.0141671 -0.0170018
0.0394949 -0.014104 -0.0169638
0.0395074 -0.0140356 -0.0169207
0.0395177 -0.0139622 -0.0168722
0.0395266 -0.0138837 -0.0168187
0.0395332 -0.0137997 -0.0167596
0.039538 -0.0137103 -0.016695
0.0395407 -0.0136153 -0.0166248
0.0395411 -0.0135146 -0.0165489
0.0395396 -0.0134081 -0.0164671
0.0395362 -0.0132961 -0.0163797
0.039531 -0.0131785 -0.0162864
0.0395237 -0.0130548 -0.0161869
0.0395141 -0.012925 -0.0160809
0.0395022 -0.0127891 -0.0159689
0.0394884 -0.0126474 -0.015851
0.0394727 -0.0124995 -0.0157268
0.0394551 -0.0123453 -0.0155963
0.0394361 -0.0121852 -0.0154599
0.0394147 -0.0120188 -0.0153171
0.0393917 -0.0118468 -0.0151687
0.0393663 -0.0116684 -0.0150139
0.0393386 -0.0114836 -0.0148528
0.0393095 -0.0112928 -0.0146855
0.0392776 -0.0110958 -0.0145118
0.0392436 -0.0108926 -0.014332
0.0392076 -0.0106834 -0.0141461
0.03917 -0.0104686 -0.0139544
0.0391299 -0.0102478 -0.0137565
0.0390878 -0.0100207 -0.0135522
0.0390438 -0.00978757 -0.0133419
0.0389974 -0.00954853 -0.0131258
0.0389493 -0.00930388 -0.012904
0.0388995 -0.00905349 -0.0126763
0.0388477 -0.00879745 -0.012443
0.0387938 -0.00853569 -0.012204
0.0387376 -0.0082682 -0.0119592
0.0386797 -0.00799521 -0.0117089
0.0386195 -0.00771685 -0.0114531
0.0385572 -0.00743323 -0.0111919
0.0384929 -0.00714396 -0.010925
0.0384265 -0.00684935 -0.0106526
0.0383581 -0.00654957 -0.0103751
0.0382878 -0.00624433 -0.0100919
0.0382155 -0.00593405 -0.00980351
0.0381409 -0.00561853 -0.00950986
0.0380641 -0.0052977 -0.00921082
0.0379854 -0.00497159 -0.00890649
0.0379045 -0.00464048 -0.00859708
0.037822 -0.00430427 -0.00828259
0.0377371 -0.0039625 -0.00796284
0.0376513 -0.00361631 -0.00763832
0.0375623 -0.00326453 -0.00730807
0.0374714 -0.00290733 -0.00697275
0.0373783 -0.00254533 -0.00663221
0.0372832 -0.00217816 -0.00628652
0.0371864 -0.00180605 -0.00593576
0.0370875 -0.0014285 -0.00557977
0.0369864 -0.001046 -0.00521853
0.0368833 -0.000658215 -0.00485199
0.0367781 -0.000264953 -0.00448025
0.036671 0.000133317 -0.00410325
0.0365618 0.000536865 -0.00372091
0.0364507 0.000945573 -0.00333333
0.03634 0.00135362 -0.00294363
0.0362253 0.00177113 -0.00254497
0.0361071 0.00219487 -0.00213903
0.0359849 0.00262428 -0.0017274
0.0358605 0.00305933 -0.00131126
0.0357358 0.00349962 -0.000890348
0.0356112 0.00394487 -0.000463861
0.0354858 0.00439476 -3.21475e-05
0.0353571 0.00485103 0.000405629
0.0352252 0.00531398 0.000848968
0.0350909 0.00578322 0.00129796
0.0349542 0.00625819 0.0017529
0.0348159 0.00673821 0.00221307
0.0346765 0.00722373 0.00267888
0.0345355 0.00771517 0.00315063
0.0343919 0.00821225 0.00362875
0.0342487 0.0087104 0.00411084
0.0341003 0.00921795 0.00460172
0.0339485 0.00973264 0.00510074
0.0337928 0.0102545 0.00560626
0.0336348 0.0107832 0.00611707
0.0334766 0.0113176 0.00663271
0.0333189 0.0118569 0.00715412
0.0331642 0.0123885 0.00767411
0.0330056 0.0129283 0.00821293
0.0328322 0.0134822 0.00877056
0.0326455 0.0140458 0.00933911
0.0324528 0.0146161 0.00991296
0.0322647 0.0151898 0.0104907
0.0320808 0.0156814 0.0110879
0.0318785 0.0162394 0.0117311
0.0316361 0.0167816 0.0124143
0.0313531 0.0173174 0.0131296
0.0310463 0.0178497 0.0138669
0.0307422 0.0183667 0.0146142
0.0304541 0.0188596 0.0153622
0.0301816 0.0193311 0.0160955
0.0299076 0.0197998 0.0168133
0.0296218 0.0202671 0.0174934
0.0293238 0.0207252 0.0181434
0.0290236 0.021166 0.0187666
0.0287357 0.021584 0.0193587
0.0284708 0.0219758 0.0199119
0.0282336 0.0223386 0.020421
0.028025 0.0226682 0.0208841
0.0278443 0.0229612 0.0213018
0.0276888 0.0232159 0.0216745
0.0275524 0.0234352 0.0220045
0.0274271 0.0236228 0.0222949
0.0273046 0.023784 0.0225511
0.0271779 0.0239244 0.0227799
0.0270411 0.0240505 0.0229885
0.0268899 0.0241687 0.0231829
0.026722 0.024285 0.0233694
0.0265356 0.0244039 0.0235531
0.0263309 0.0245299 0.0237383
0.0261088 0.0246643 0.0239279
0.0258708 0.0248094 0.0241238
0.0256182 0.0249658 0.0243268
0.0253528 0.0251321 0.0245369
0.0250768 0.025308 0.0247535
0.0247921 0.0254921 0.0249752
0.0245006 0.0256827 0.0252007
0.0242051 0.0258778 0.025428
0.0239074 0.0260756 0.0256554
0.0236093 0.0262732 0.02588
0.0233132 0.0264695 0.026101
0.0230198 0.0266621 0.0263163
0.0227333 0.0268492 0.0265238
0.0224465 0.02703 0.0267234
0.0221648 0.0272035 0.0269139
0.0218861 0.0273695 0.0270952
0.0216107 0.027528 0.0272672
0.0213376 0.0276785 0.0274301
0.021066 0.0278216 0.0275839
0.0207956 0.0279575 0.0277296
0.0205254 0.0280869 0.0278675
0.0202553 0.0282103 0.0279985
0.0199851 0.0283283 0.0281232
0.0197149 0.0284411 0.028242
0.019445 0.0285489 0.0283554
0.019176 0.0286518 0.0284635
0.0189082 0.0287501 0.0285664
0.0186421 0.0288435 0.0286642
0.0183782 0.0289321 0.0287567
0.0181169 0.0290156 0.0288439
0.0178587 0.0290938 0.0289258
0.0176037 0.0291664 0.0290021
0.0173523 0.0292334 0.0290728
0.0171044 0.0292946 0.0291375
0.0168595 0.0293502 0.0291963
0.0166172 0.0294001 0.0292495
0.0163769 0.0294445 0.0292971
0.0161385 0.0294836 0.0293395
0.0159015 0.0295178 0.0293767
0.0156654 0.0295474 0.0294094
0.0154294 0.029573 0.0294367
0.0151932 0.0295951 0.0294599
0.0149564 0.0296137 0.0294806
0.0147179 0.02963 0.0294982
0.0144777 0.0296441 0.0295139
0.0142353 0.0296567 0.0295265
0.0139912 0.0296679 0.0295372
0.013745 0.0296782 0.0295477
0.0134968 0.0296875 0.029558
0.0132464 0.0296961 0.0295675
0.0129944 0.0297046 0.0295742
0.0127415 0.029712 0.0295815
0.0124877 0.029719 0.0295867
0.0122333 0.0297247 0.0295924
0.0119786 0.0297293 0.0295966
0.011724 0.0297323 0.0296012
0.0114693 0.0297342 0.0296007
0.0112158 0.029734 0.0295994
0.0109633 0.0297317 0.0295956
0.0107119 0.0297269 0.0295887
0.0104618 0.0297196 0.0295791
0.0102132 0.0297096 0.0295662
0.00996606 0.0296967 0.0295494
0.00972066 0.0296806 0.0295322
0.00947665 0.0296617 0.0295083
0.00923454 0.0296397 0.0294802
0.0089948 0.0296137 0.0294532
0.00875654 0.0295849 0.0294199
0.00851992 0.0295531 0.0293817
0.00828568 0.029518 0.0293407
0.00805343 0.0294794 0.0293001
0.0078225 0.029437 0.0292641
0.00759193 0.0293932 0.0292149
0.00736493 0.0293455 0.0291673
0.00714205 0.0292947 0.0291163
0.00692152 0.0292408 0.0290617
0.00670251 0.0291843 0.0290039
0.00648385 0.0291255 0.0289439
0.00626541 0.0290646 0.0288823
0.0060479 0.0290015 0.028819
0.00583193 0.0289365 0.0287539
0.00561776 0.0288696 0.0286871
0.0054049 0.028801 0.0286185
0.0051947 0.0287306 0.0285482
0.00498649 0.0286584 0.0284763
0.00477933 0.0285845 0.0284025
0.00457377 0.0285091 0.0283276
0.00436951 0.0284321 0.0282509
0.00416615 0.0283538 0.028173
0.00396363 0.0282741 0.0280937
0.00376172 0.0281932 0.0280131
0.00356051 0.0281112 0.0279314
0.00335995 0.0280283 0.0278486
0.0031599 0.0279442 0.0277646
0.0029604 0.0278594 0.02768
0.00276139 0.0277739 0.0275946
0.00256299 0.0276877 0.0275086
0.00236484 0.0276008 0.0274217
0.00216821 0.0275131 0.027334
0.00197142 0.0274251 0.0272451
0.00177544 0.0273365 0.0271549
0.0015803 0.0272471 0.027064
0.00138588 0.0271577 0.0269689
0.00119284 0.0270673 0.0268759
0.00100061 0.0269761 0.0267824
0.000809334 0.0268845 0.0266873
0.000619504 0.026792 0.0265913
0.00043134 0.0266987 0.0264942
0.00024488 0.0266044 0.0263949
5.96685e-05 0.0265097 0.0262915
-0.000123131 0.0264131 0.0261931
-0.000304862 0.0263158 0.0260891
-0.000484743 0.0262174 0.0259837
-0.000662766 0.0261178 0.0258783
-0.000840803 0.0260173 0.0257723
-0.00101701 0.0259156 0.025666
-0.00119081 0.0258128 0.0255588
-0.00136291 0.0257089 0.0254506
-0.00153325 0.0256041 0.0253416
-0.00170182 0.0254982 0.0252318
-0.00186979 0.0253916 0.0251216
-0.00203507 0.025284 0.0250109
-0.00219516 0.0251747 0.0248987
-0.00235771 0.025065 0.0247859
-0.00251871 0.0249547 0.0246724
-0.00267576 0.0248434 0.0245587
-0.00282988 0.0247307 0.0244442
-0.00298482 0.0246175 0.0243291
-0.00313785 0.0245036 0.0242138
-0.00328978 0.0243892 0.024098
-0.00344043 0.0242744 0.0239801
-0.00358991 0.024159 0.0238633
-0.00373803 0.0240434 0.023746
-0.00388499 0.0239275 0.0236289
-0.00403107 0.0238113 0.0235117
-0.00417625 0.0236951 0.0233943
-0.00432072 0.023579 0.0232763
-0.00446427 0.0234628 0.0231595
-0.00460691 0.0233467 0.0230434
-0.00474877 0.0232308 0.0229262
-0.00488944 0.0231151 0.0228098
-0.005029 0.0229995 0.0226942
-0.00516767 0.0228841 0.0225776
-0.00530515 0.0227688 0.0224616
-0.00544155 0.0226536 0.0223454
-0.00557681 0.0225384 0.02223
-0.00571098 0.0224233 0.0221154
-0.00584417 0.0223083 0.0220004
-0.00597621 0.0221932 0.0218861
-0.00610716 0.0220784 0.0217704
-0.00623699 0.0219638 0.021653
-0.00636555 0.0218488 0.0215388
-0.00649273 0.0217332 0.0214323
-0.00661981 0.0216193 0.0213125
-0.0067442 0.0215051 0.0211935
-0.00686632 0.0213905 0.0210749
-0.00698759 0.0212759 0.0209558
-0.00710838 0.0211613 0.0208374
-0.00722836 0.0210466 0.020719
-0.00734683 0.020932 0.0206008
-0.00746359 0.0208173 0.0204835
-0.00757893 0.0207026 0.0203665
-0.00769305 0.0205879 0.0202493
-0.00780584 0.0204732 0.0201318
-0.00791737 0.0203584 0.0200152
-0.00802784 0.0202438 0.0198985
-0.00813715 0.0201293 0.0197824
-0.00824524 0.020015 0.0196665
-0.00835198 0.0199009 0.0195505
-0.00845746 0.019787 0.0194346
-0.00856164 0.019673 0.0193196
-0.00866471 0.0195594 0.0192045
-0.00876651 0.019446 0.0190894
-0.00886712 0.0193328 0.0189756
-0.00896663 0.0192197 0.0188626
-0.00906517 0.0191069 0.0187497
-0.00916346 0.0189943 0.0186392
-0.00926045 0.0188824 0.0185269
-0.00935479 0.0187685 0.0184392
-0.0094507 0.0186586 0.0183199
-0.00954374 0.0185488 0.0182008
-0.00963396 0.0184391 0.0180817
-0.00972403 0.0183295 0.0179638
-0.00981642 0.0182208 0.017847
-0.00990756 0.0181124 0.0177316
-0.00999912 0.0180048 0.0176179
-0.0100893 0.0178981 0.0175052
-0.010178 0.0177919 0.0173933
-0.0102633 0.0176857 0.0172819
-0.0103499 0.0175801 0.017171
-0.0104352 0.017475 0.0170609
-0.0105196 0.0173704 0.0169515
-0.010603 0.0172662 0.0168429
-0.0106853 0.0171626 0.0167348
-0.0107664 0.0170594 0.0166277
-0.0108464 0.0169565 0.0165209
-0.0109251 0.0168539 0.0164146
-0.0110024 0.0167515 0.0163087
-0.0110787 0.0166494 0.0162033
-0.011154 0.0165474 0.0160984
-0.0112286 0.016446 0.0159938
-0.0113023 0.0163448 0.0158897
-0.0113752 0.0162439 0.0157861
-0.0114472 0.0161435 0.015683
-0.0115187 0.0160435 0.0155805
-0.0115879 0.0159439 0.0154782
-0.0116571 0.0158447 0.0153768
-0.0117254 0.0157459 0.0152759
-0.0117936 0.0156478 0.0151756
-0.0118604 0.0155502 0.0150764
-0.0119269 0.0154533 0.0149778
-0.0119928 0.0153571 0.0148799
-0.0120564 0.0152613 0.0147825
-0.0121189 0.015166 0.0146856
-0.0121808 0.0150711 0.0145892
-0.0122424 0.0149769 0.0144933
-0.012303 0.0148832 0.0143981
-0.0123636 0.0147904 0.0143039
-0.0124239 0.0146985 0.0142108
-0.0124838 0.0146076 0.0141186
-0.0125408 0.014517 0.0140269
-0.0125994 0.0144276 0.0139361
-0.0126572 0.0143389 0.0138462
-0.0127135 0.0142507 0.0137572
-0.0127699 0.0141633 0.013669
-0.0128255 0.0140766 0.0135814
-0.0128793 0.0139902 0.0134941
-0.012933 0.0139042 0.0134074
-0.0129835 0.0138184 0.0133206
-0.0130328 0.0137324 0.0132336
-0.0130818 0.0136464 0.0131467
-0.013131 0.0135606 0.01306
-0.0131805 0.0134753 0.0129738
-0.0132304 0.0133908 0.0128883
-0.0132805 0.0133074 0.0128037
-0.0133307 0.0132249 0.0127204
-0.0133803 0.0131435 0.012638
-0.0134283 0.0130628 0.0125565
-0.0134749 0.0129827 0.0124758
-0.0135207 0.0129032 0.0123957
-0.0135666 0.0128243 0.0123161
-0.0136096 0.0127455 0.0122366
-0.0136532 0.0126672 0.0121577
-0.013695 0.0125891 0.0120789
-0.013736 0.0125111 0.0120002
-0.0137745 0.0124332 0.0119215
-0.0138128 0.0123551 0.0118428
-0.0138502 0.0122772 0.0117642
-0.0138869 0.0121993 0.0116857
-0.0139231 0.0121217 0.0116075
-0.0139589 0.0120443 0.0115296
-0.0139944 0.0119674 0.0114522
-0.0140293 0.011891 0.011375
-0.0140641 0.0118152 0.0112986
-0.0140985 0.01174 0.011223
-0.0141306 0.0116652 0.0111476
-0.0141633 0.0115909 0.0110732
-0.0141957 0.0115167 0.0109994
-0.0142279 0.0114435 0.0109264
-0.0142581 0.0113707 0.0108538
-0.0142888 0.0112983 0.010782
-0.0143193 0.011227 0.010711
-0.0143495 0.011156 0.0106409
-0.0143793 0.0110854 0.0105716
-0.0144084 0.0110157 0.0105032
-0.0144368 0.010947 0.0104354
-0.0144648 0.0108786 0.0103684
-0.0144926 0.0108111 0.0103022
-0.0145199 0.0107439 0.0102367
-0.0145467 0.0106773 0.0101718
-0.0145731 0.0106114 0.0101075
-0.0145991 0.0105457 0.0100437
-0.0146249 0.0104809 0.00998057
-0.0146504 0.0104167 0.00991794
-0.0146759 0.0103533 0.00985608
-0.0147007 0.0102899 0.00979482
-0.0147258 0.0102276 0.00973412
-0.0147507 0.0101661 0.00967413
-0.0147752 0.0101053 0.00961479
-0.0148004 0.0100446 0.00955644
-0.0148252 0.00998549 0.00949881
-0.0148496 0.00992669 0.00944183
-0.0148743 0.00986863 0.00938577
-0.0148986 0.00981127 0.00933046
-0.0149227 0.00975471 0.00927593
-0.0149465 0.0096986 0.00922209
-0.0149698 0.00964286 0.00916891
-0.0149927 0.00958831 0.00911632
-0.015015 0.00953413 0.00906439
-0.0150368 0.00947991 0.00901294
-0.0150579 0.00942646 0.00896196
-0.0150784 0.00937351 0.00891135
-0.0150985 0.00932068 0.00886111
-0.0151178 0.0092681 0.00881118
-0.0151366 0.00921576 0.00876154
-0.0151548 0.00916361 0.00871219
-0.0151725 0.00911167 0.00866316
-0.0151898 0.00905979 0.00861433
-0.0152057 0.00900835 0.00856561
-0.0152224 0.00895701 0.00851717
-0.0152389 0.00890638 0.00846939
-0.015255 0.00885638 0.00842202
-0.0152709 0.00880716 0.0083751
-0.0152865 0.00875865 0.0083285
-0.0153018 0.00871089 0.0082824
-0.015317 0.00866362 0.00823688
-0.0153322 0.00861715 0.00819196
-0.0153473 0.00857085 0.00814771
-0.0153622 0.00852499 0.00810405
-0.0153772 0.00847965 0.00806098
-0.0153921 0.00843465 0.00801855
-0.0154069 0.00839021 0.00797668
-0.0154215 0.00834627 0.00793537
-0.0154359 0.00830309 0.00789448
-0.0154498 0.0082598 0.00785425
-0.0154636 0.00821777 0.00781442
-0.0154771 0.00817552 0.0077751
-0.0154905 0.00813415 0.00773624
-0.0155037 0.00809313 0.00769799
-0.0155163 0.00805258 0.00765994
-0.0155293 0.00801229 0.00762236
-0.015542 0.00797235 0.00758522
-0.0155546 0.00793302 0.00754848
-0.015567 0.0078935 0.00751217
-0.0155792 0.00785484 0.00747624
-0.0155912 0.00781647 0.00744072
-0.015603 0.00777844 0.00740562
-0.0156148 0.00774079 0.00737094
-0.0156265 0.00770379 0.00733664
-0.0156381 0.00766693 0.00730278
-0.0156494 0.00763077 0.00726925
-0.0156604 0.00759432 0.00723619
-0.0156712 0.00755882 0.00720339
-0.0156819 0.00752362 0.00717097
-0.0156924 0.00748873 0.00713893
-0.0157029 0.00745428 0.00710719
-0.0157132 0.00741997 0.00707599
-0.0157233 0.00738646 0.00704495
-0.015733 0.00735302 0.00701423
-0.0157426 0.00731997 0.00698375
-0.0157522 0.00728713 0.00695371
-0.0157613 0.00725441 0.00692398
-0.0157706 0.00722223 0.00689456
-0.0157791 0.00719025 0.00686539
-0.0157879 0.00715856 0.00683655
-0.0157965 0.00712758 0.006808
-0.0158049 0.00709609 0.00677981
-0.0158129 0.0070658 0.00675172
-0.0158209 0.00703557 0.00672394
-0.0158289 0.00700588 0.00669649
-0.0158369 0.0069763 0.00666936
-0.0158439 0.00694662 0.00664239
-0.0158495 0.00691749 0.00661528
-0.0158578 0.00688838 0.00658872
-0.0158663 0.00685972 0.00656273
-0.0158737 0.00683123 0.00653706
-0.0158817 0.00680335 0.00651185
-0.0158895 0.00677575 0.00648703
-0.0158971 0.00674854 0.00646262
-0.0159046 0.00672158 0.00643855
-0.0159119 0.00669494 0.00641478
-0.015919 0.00666841 0.00639121
-0.015926 0.00664211 0.00636804
-0.015933 0.00661592 0.00634521
-0.0159399 0.00658994 0.00632266
-0.0159468 0.00656431 0.00630037
-0.0159535 0.00653944 0.00627826
-0.0159598 0.00651751 0.00625597
-0.0159665 0.00649297 0.00623435
-0.0159728 0.00646937 0.00621284
-0.0159777 0.0064455 0.00619137
-0.0159831 0.00642446 0.00616981
-0.0159888 0.00640138 0.00614885
-0.0159941 0.00637584 0.00612817
-0.0159991 0.00635376 0.00610717
-0.0160045 0.00633162 0.00608659
-0.0160107 0.00630951 0.00606662
-0.0160175 0.00628822 0.00604708
-0.0160245 0.00626711 0.00602782
-0.016031 0.00625416 0.00600789
-0.0160368 0.0062353 0.00598886
-0.016042 0.00621589 0.00597005
-0.0160465 0.00619617 0.0059515
-0.0160518 0.00617642 0.00593331
-0.016058 0.0061569 0.00591553
-0.0160648 0.00613785 0.00589815
-0.0160719 0.00611914 0.00588122
-0.0160789 0.00610062 0.00586472
-0.0160855 0.0060839 0.00584829
-0.0160914 0.00606563 0.00583215
-0.0160964 0.00604843 0.0058158
-0.0161005 0.00603166 0.00579928
-0.0161044 0.00601474 0.00578285
-0.0161082 0.00599727 0.0057665
-0.0161124 0.00598015 0.00575031
-0.0161168 0.00596311 0.00573422
-0.0161185 0.00604481 0.00570591
-0.0161193 0.00604462 0.0056865
-0.0161123 0.0060398 0.0056645
-0.0160983 0.0060308 0.00564058
-0.016091 0.00601759 0.0056181
-0.0160954 0.00600513 0.00559799
-0.0161086 0.00599579 0.00557978
-0.0161255 0.00598998 0.00556349
-0.0161425 0.00598649 0.00554951
-0.0161577 0.00598333 0.00553743
-0.0161705 0.00598025 0.00552696
-0.0161809 0.00597725 0.00551661
-0.0161894 0.00597431 0.0055065
-0.0161965 0.00597121 0.00549636
-0.0162023 0.00596789 0.00548658
-0.0162072 0.00596367 0.00547666
-0.016211 0.00595879 0.0054666
-0.0162139 0.00595309 0.00545588
-0.016216 0.00594643 0.00544453
-0.0162173 0.00593872 0.00543248
-0.0162179 0.00592975 0.00541965
-0.0162178 0.00591991 0.005406
-0.0162173 0.00590885 0.00539168
-0.0162168 0.00589701 0.00537686
-0.0162168 0.00588456 0.00536177
-0.0162176 0.00587196 0.00534664
-0.0162192 0.00585931 0.00533166
-0.0162217 0.00584709 0.00531693
-0.0162251 0.00583511 0.00530288
-0.0162291 0.00582397 0.00528932
-0.0162339 0.00581286 0.00527659
-0.0162392 0.00580273 0.00526474
-0.0162449 0.00579313 0.0052536
-0.0162508 0.00578433 0.00524312
-0.0162568 0.005776 0.00523332
-0.0162627 0.00576819 0.00522407
-0.0162682 0.00576019 0.00521548
-0.0162735 0.00575276 0.00520704
-0.0162784 0.00574536 0.00519881
-0.016283 0.00573797 0.00519063
-0.0162871 0.00573043 0.00518246
-0.0162911 0.00572272 0.00517417
-0.0162947 0.00571463 0.00516591
-0.0162978 0.00570654 0.00515736
-0.016301 0.00569809 0.0051486
-0.0163041 0.00568943 0.00513968
-0.0163078 0.00568068 0.00513065
-0.0163111 0.00567176 0.0051217
-0.0163147 0.00566294 0.00511263
-0.0163185 0.00565402 0.00510355
-0.0163223 0.00564528 0.0050946
-0.0163263 0.00563654 0.00508566
-0.0163307 0.00562796 0.00507704
-0.0163351 0.00561948 0.00506859
-0.0163397 0.00561123 0.00506051
-0.0163447 0.00560325 0.0050526
-0.0163496 0.00559548 0.00504489
-0.0163543 0.00558794 0.00503735
-0.0163587 0.0055803 0.0050299
-0.0163629 0.00557278 0.00502258
-0.0163669 0.00556513 0.00501527
-0.0163707 0.00555744 0.00500804
-0.0163743 0.00554984 0.00500075
-0.0163779 0.00554217 0.00499344
-0.0163812 0.00553436 0.00498619
-0.0163846 0.0055265 0.00497887
-0.016388 0.0055186 0.00497155
-0.0163913 0.00551077 0.00496421
-0.0163946 0.00550287 0.00495674
-0.0163978 0.00549487 0.00494933
-0.0164008 0.00548681 0.00494186
-0.0164037 0.00547878 0.00493441
-0.0164067 0.00547075 0.00492682
-0.0164096 0.0054627 0.00491941

